Array<double,2> autumn(64,3) = 
 [ 1.000000, 0.000000, 0.000000,
   1.000000, 0.015873, 0.000000,
   1.000000, 0.031746, 0.000000,
   1.000000, 0.047619, 0.000000,
   1.000000, 0.063492, 0.000000,
   1.000000, 0.079365, 0.000000,
   1.000000, 0.095238, 0.000000,
   1.000000, 0.111111, 0.000000,
   1.000000, 0.126984, 0.000000,
   1.000000, 0.142857, 0.000000,
   1.000000, 0.158730, 0.000000,
   1.000000, 0.174603, 0.000000,
   1.000000, 0.190476, 0.000000,
   1.000000, 0.206349, 0.000000,
   1.000000, 0.222222, 0.000000,
   1.000000, 0.238095, 0.000000,
   1.000000, 0.253968, 0.000000,
   1.000000, 0.269841, 0.000000,
   1.000000, 0.285714, 0.000000,
   1.000000, 0.301587, 0.000000,
   1.000000, 0.317460, 0.000000,
   1.000000, 0.333333, 0.000000,
   1.000000, 0.349206, 0.000000,
   1.000000, 0.365079, 0.000000,
   1.000000, 0.380952, 0.000000,
   1.000000, 0.396825, 0.000000,
   1.000000, 0.412698, 0.000000,
   1.000000, 0.428571, 0.000000,
   1.000000, 0.444444, 0.000000,
   1.000000, 0.460317, 0.000000,
   1.000000, 0.476190, 0.000000,
   1.000000, 0.492063, 0.000000,
   1.000000, 0.507937, 0.000000,
   1.000000, 0.523810, 0.000000,
   1.000000, 0.539683, 0.000000,
   1.000000, 0.555556, 0.000000,
   1.000000, 0.571429, 0.000000,
   1.000000, 0.587302, 0.000000,
   1.000000, 0.603175, 0.000000,
   1.000000, 0.619048, 0.000000,
   1.000000, 0.634921, 0.000000,
   1.000000, 0.650794, 0.000000,
   1.000000, 0.666667, 0.000000,
   1.000000, 0.682540, 0.000000,
   1.000000, 0.698413, 0.000000,
   1.000000, 0.714286, 0.000000,
   1.000000, 0.730159, 0.000000,
   1.000000, 0.746032, 0.000000,
   1.000000, 0.761905, 0.000000,
   1.000000, 0.777778, 0.000000,
   1.000000, 0.793651, 0.000000,
   1.000000, 0.809524, 0.000000,
   1.000000, 0.825397, 0.000000,
   1.000000, 0.841270, 0.000000,
   1.000000, 0.857143, 0.000000,
   1.000000, 0.873016, 0.000000,
   1.000000, 0.888889, 0.000000,
   1.000000, 0.904762, 0.000000,
   1.000000, 0.920635, 0.000000,
   1.000000, 0.936508, 0.000000,
   1.000000, 0.952381, 0.000000,
   1.000000, 0.968254, 0.000000,
   1.000000, 0.984127, 0.000000,
   1.000000, 0.984127, 0.000000 ];

Array<double,2> bone(64,3) = 
 [ 0.000000, 0.000000, 0.005208,
   0.013889, 0.013889, 0.024306,
   0.027778, 0.027778, 0.043403,
   0.041667, 0.041667, 0.062500,
   0.055556, 0.055556, 0.081597,
   0.069444, 0.069444, 0.100694,
   0.083333, 0.083333, 0.119792,
   0.097222, 0.097222, 0.138889,
   0.111111, 0.111111, 0.157986,
   0.125000, 0.125000, 0.177083,
   0.138889, 0.138889, 0.196181,
   0.152778, 0.152778, 0.215278,
   0.166667, 0.166667, 0.234375,
   0.180556, 0.180556, 0.253472,
   0.194444, 0.194444, 0.272569,
   0.208333, 0.208333, 0.291667,
   0.222222, 0.222222, 0.310764,
   0.236111, 0.236111, 0.329861,
   0.250000, 0.250000, 0.348958,
   0.263889, 0.263889, 0.368056,
   0.277778, 0.277778, 0.387153,
   0.291667, 0.291667, 0.406250,
   0.305556, 0.305556, 0.425347,
   0.319444, 0.319444, 0.444444,
   0.333333, 0.338542, 0.458333,
   0.347222, 0.357639, 0.472222,
   0.361111, 0.376736, 0.486111,
   0.375000, 0.395833, 0.500000,
   0.388889, 0.414931, 0.513889,
   0.402778, 0.434028, 0.527778,
   0.416667, 0.453125, 0.541667,
   0.430556, 0.472222, 0.555556,
   0.444444, 0.491319, 0.569444,
   0.458333, 0.510417, 0.583333,
   0.472222, 0.529514, 0.597222,
   0.486111, 0.548611, 0.611111,
   0.500000, 0.567708, 0.625000,
   0.513889, 0.586806, 0.638889,
   0.527778, 0.605903, 0.652778,
   0.541667, 0.625000, 0.666667,
   0.555556, 0.644097, 0.680556,
   0.569444, 0.663194, 0.694444,
   0.583333, 0.682292, 0.708333,
   0.597222, 0.701389, 0.722222,
   0.611111, 0.720486, 0.736111,
   0.625000, 0.739583, 0.750000,
   0.638889, 0.758681, 0.763889,
   0.652778, 0.777778, 0.777778,
   0.674479, 0.791667, 0.791667,
   0.696181, 0.805556, 0.805556,
   0.717882, 0.819444, 0.819444,
   0.739583, 0.833333, 0.833333,
   0.761285, 0.847222, 0.847222,
   0.782986, 0.861111, 0.861111,
   0.804688, 0.875000, 0.875000,
   0.826389, 0.888889, 0.888889,
   0.848090, 0.902778, 0.902778,
   0.869792, 0.916667, 0.916667,
   0.891493, 0.930556, 0.930556,
   0.913194, 0.944444, 0.944444,
   0.934896, 0.958333, 0.958333,
   0.956597, 0.972222, 0.972222,
   0.978299, 0.986111, 0.986111,
   0.978299, 0.986111, 0.986111 ];

Array<double,2> colorcube(64,3) = 
 [ 0.333333, 0.333333, 0.000000,
   0.333333, 0.666667, 0.000000,
   0.333333, 1.000000, 0.000000,
   0.666667, 0.333333, 0.000000,
   0.666667, 0.666667, 0.000000,
   0.666667, 1.000000, 0.000000,
   1.000000, 0.333333, 0.000000,
   1.000000, 0.666667, 0.000000,
   1.000000, 1.000000, 0.000000,
   0.000000, 0.333333, 0.500000,
   0.000000, 0.666667, 0.500000,
   0.000000, 1.000000, 0.500000,
   0.333333, 0.000000, 0.500000,
   0.333333, 0.333333, 0.500000,
   0.333333, 0.666667, 0.500000,
   0.333333, 1.000000, 0.500000,
   0.666667, 0.000000, 0.500000,
   0.666667, 0.333333, 0.500000,
   0.666667, 0.666667, 0.500000,
   0.666667, 1.000000, 0.500000,
   1.000000, 0.000000, 0.500000,
   1.000000, 0.333333, 0.500000,
   1.000000, 0.666667, 0.500000,
   1.000000, 1.000000, 0.500000,
   0.000000, 0.333333, 1.000000,
   0.000000, 0.666667, 1.000000,
   0.000000, 1.000000, 1.000000,
   0.333333, 0.000000, 1.000000,
   0.333333, 0.333333, 1.000000,
   0.333333, 0.666667, 1.000000,
   0.333333, 1.000000, 1.000000,
   0.666667, 0.000000, 1.000000,
   0.666667, 0.333333, 1.000000,
   0.666667, 0.666667, 1.000000,
   0.666667, 1.000000, 1.000000,
   1.000000, 0.000000, 1.000000,
   1.000000, 0.333333, 1.000000,
   1.000000, 0.666667, 1.000000,
   0.166667, 0.000000, 0.000000,
   0.333333, 0.000000, 0.000000,
   0.500000, 0.000000, 0.000000,
   0.666667, 0.000000, 0.000000,
   0.833333, 0.000000, 0.000000,
   1.000000, 0.000000, 0.000000,
   0.000000, 0.166667, 0.000000,
   0.000000, 0.333333, 0.000000,
   0.000000, 0.500000, 0.000000,
   0.000000, 0.666667, 0.000000,
   0.000000, 0.833333, 0.000000,
   0.000000, 1.000000, 0.000000,
   0.000000, 0.000000, 0.166667,
   0.000000, 0.000000, 0.333333,
   0.000000, 0.000000, 0.500000,
   0.000000, 0.000000, 0.666667,
   0.000000, 0.000000, 0.833333,
   0.000000, 0.000000, 1.000000,
   0.000000, 0.000000, 0.000000,
   0.142857, 0.142857, 0.142857,
   0.285714, 0.285714, 0.285714,
   0.428571, 0.428571, 0.428571,
   0.571429, 0.571429, 0.571429,
   0.714286, 0.714286, 0.714286,
   0.857143, 0.857143, 0.857143,
   0.857143, 0.857143, 0.857143 ];

Array<double,2> cool(64,3) = 
 [ 0.000000, 1.000000, 1.000000,
   0.015873, 0.984127, 1.000000,
   0.031746, 0.968254, 1.000000,
   0.047619, 0.952381, 1.000000,
   0.063492, 0.936508, 1.000000,
   0.079365, 0.920635, 1.000000,
   0.095238, 0.904762, 1.000000,
   0.111111, 0.888889, 1.000000,
   0.126984, 0.873016, 1.000000,
   0.142857, 0.857143, 1.000000,
   0.158730, 0.841270, 1.000000,
   0.174603, 0.825397, 1.000000,
   0.190476, 0.809524, 1.000000,
   0.206349, 0.793651, 1.000000,
   0.222222, 0.777778, 1.000000,
   0.238095, 0.761905, 1.000000,
   0.253968, 0.746032, 1.000000,
   0.269841, 0.730159, 1.000000,
   0.285714, 0.714286, 1.000000,
   0.301587, 0.698413, 1.000000,
   0.317460, 0.682540, 1.000000,
   0.333333, 0.666667, 1.000000,
   0.349206, 0.650794, 1.000000,
   0.365079, 0.634921, 1.000000,
   0.380952, 0.619048, 1.000000,
   0.396825, 0.603175, 1.000000,
   0.412698, 0.587302, 1.000000,
   0.428571, 0.571429, 1.000000,
   0.444444, 0.555556, 1.000000,
   0.460317, 0.539683, 1.000000,
   0.476190, 0.523810, 1.000000,
   0.492063, 0.507937, 1.000000,
   0.507937, 0.492063, 1.000000,
   0.523810, 0.476190, 1.000000,
   0.539683, 0.460317, 1.000000,
   0.555556, 0.444444, 1.000000,
   0.571429, 0.428571, 1.000000,
   0.587302, 0.412698, 1.000000,
   0.603175, 0.396825, 1.000000,
   0.619048, 0.380952, 1.000000,
   0.634921, 0.365079, 1.000000,
   0.650794, 0.349206, 1.000000,
   0.666667, 0.333333, 1.000000,
   0.682540, 0.317460, 1.000000,
   0.698413, 0.301587, 1.000000,
   0.714286, 0.285714, 1.000000,
   0.730159, 0.269841, 1.000000,
   0.746032, 0.253968, 1.000000,
   0.761905, 0.238095, 1.000000,
   0.777778, 0.222222, 1.000000,
   0.793651, 0.206349, 1.000000,
   0.809524, 0.190476, 1.000000,
   0.825397, 0.174603, 1.000000,
   0.841270, 0.158730, 1.000000,
   0.857143, 0.142857, 1.000000,
   0.873016, 0.126984, 1.000000,
   0.888889, 0.111111, 1.000000,
   0.904762, 0.095238, 1.000000,
   0.920635, 0.079365, 1.000000,
   0.936508, 0.063492, 1.000000,
   0.952381, 0.047619, 1.000000,
   0.968254, 0.031746, 1.000000,
   0.984127, 0.015873, 1.000000,
   0.984127, 0.015873, 1.000000 ];

Array<double,2> copper(64,3) = 
 [ 0.000000, 0.000000, 0.000000,
   0.019841, 0.012400, 0.007897,
   0.039683, 0.024800, 0.015794,
   0.059524, 0.037200, 0.023690,
   0.079365, 0.049600, 0.031587,
   0.099206, 0.062000, 0.039484,
   0.119048, 0.074400, 0.047381,
   0.138889, 0.086800, 0.055278,
   0.158730, 0.099200, 0.063175,
   0.178571, 0.111600, 0.071071,
   0.198413, 0.124000, 0.078968,
   0.218254, 0.136400, 0.086865,
   0.238095, 0.148800, 0.094762,
   0.257937, 0.161200, 0.102659,
   0.277778, 0.173600, 0.110556,
   0.297619, 0.186000, 0.118452,
   0.317460, 0.198400, 0.126349,
   0.337302, 0.210800, 0.134246,
   0.357143, 0.223200, 0.142143,
   0.376984, 0.235600, 0.150040,
   0.396825, 0.248000, 0.157937,
   0.416667, 0.260400, 0.165833,
   0.436508, 0.272800, 0.173730,
   0.456349, 0.285200, 0.181627,
   0.476190, 0.297600, 0.189524,
   0.496032, 0.310000, 0.197421,
   0.515873, 0.322400, 0.205317,
   0.535714, 0.334800, 0.213214,
   0.555556, 0.347200, 0.221111,
   0.575397, 0.359600, 0.229008,
   0.595238, 0.372000, 0.236905,
   0.615079, 0.384400, 0.244802,
   0.634921, 0.396800, 0.252698,
   0.654762, 0.409200, 0.260595,
   0.674603, 0.421600, 0.268492,
   0.694444, 0.434000, 0.276389,
   0.714286, 0.446400, 0.284286,
   0.734127, 0.458800, 0.292183,
   0.753968, 0.471200, 0.300079,
   0.773810, 0.483600, 0.307976,
   0.793651, 0.496000, 0.315873,
   0.813492, 0.508400, 0.323770,
   0.833333, 0.520800, 0.331667,
   0.853175, 0.533200, 0.339563,
   0.873016, 0.545600, 0.347460,
   0.892857, 0.558000, 0.355357,
   0.912698, 0.570400, 0.363254,
   0.932540, 0.582800, 0.371151,
   0.952381, 0.595200, 0.379048,
   0.972222, 0.607600, 0.386944,
   0.992063, 0.620000, 0.394841,
   1.000000, 0.632400, 0.402738,
   1.000000, 0.644800, 0.410635,
   1.000000, 0.657200, 0.418532,
   1.000000, 0.669600, 0.426429,
   1.000000, 0.682000, 0.434325,
   1.000000, 0.694400, 0.442222,
   1.000000, 0.706800, 0.450119,
   1.000000, 0.719200, 0.458016,
   1.000000, 0.731600, 0.465913,
   1.000000, 0.744000, 0.473810,
   1.000000, 0.756400, 0.481706,
   1.000000, 0.768800, 0.489603,
   1.000000, 0.768800, 0.489603 ];

Array<double,2> flag(64,3) = 
 [ 1.000000, 0.000000, 0.000000,
   1.000000, 1.000000, 1.000000,
   0.000000, 0.000000, 1.000000,
   0.000000, 0.000000, 0.000000,
   1.000000, 0.000000, 0.000000,
   1.000000, 1.000000, 1.000000,
   0.000000, 0.000000, 1.000000,
   0.000000, 0.000000, 0.000000,
   1.000000, 0.000000, 0.000000,
   1.000000, 1.000000, 1.000000,
   0.000000, 0.000000, 1.000000,
   0.000000, 0.000000, 0.000000,
   1.000000, 0.000000, 0.000000,
   1.000000, 1.000000, 1.000000,
   0.000000, 0.000000, 1.000000,
   0.000000, 0.000000, 0.000000,
   1.000000, 0.000000, 0.000000,
   1.000000, 1.000000, 1.000000,
   0.000000, 0.000000, 1.000000,
   0.000000, 0.000000, 0.000000,
   1.000000, 0.000000, 0.000000,
   1.000000, 1.000000, 1.000000,
   0.000000, 0.000000, 1.000000,
   0.000000, 0.000000, 0.000000,
   1.000000, 0.000000, 0.000000,
   1.000000, 1.000000, 1.000000,
   0.000000, 0.000000, 1.000000,
   0.000000, 0.000000, 0.000000,
   1.000000, 0.000000, 0.000000,
   1.000000, 1.000000, 1.000000,
   0.000000, 0.000000, 1.000000,
   0.000000, 0.000000, 0.000000,
   1.000000, 0.000000, 0.000000,
   1.000000, 1.000000, 1.000000,
   0.000000, 0.000000, 1.000000,
   0.000000, 0.000000, 0.000000,
   1.000000, 0.000000, 0.000000,
   1.000000, 1.000000, 1.000000,
   0.000000, 0.000000, 1.000000,
   0.000000, 0.000000, 0.000000,
   1.000000, 0.000000, 0.000000,
   1.000000, 1.000000, 1.000000,
   0.000000, 0.000000, 1.000000,
   0.000000, 0.000000, 0.000000,
   1.000000, 0.000000, 0.000000,
   1.000000, 1.000000, 1.000000,
   0.000000, 0.000000, 1.000000,
   0.000000, 0.000000, 0.000000,
   1.000000, 0.000000, 0.000000,
   1.000000, 1.000000, 1.000000,
   0.000000, 0.000000, 1.000000,
   0.000000, 0.000000, 0.000000,
   1.000000, 0.000000, 0.000000,
   1.000000, 1.000000, 1.000000,
   0.000000, 0.000000, 1.000000,
   0.000000, 0.000000, 0.000000,
   1.000000, 0.000000, 0.000000,
   1.000000, 1.000000, 1.000000,
   0.000000, 0.000000, 1.000000,
   0.000000, 0.000000, 0.000000,
   1.000000, 0.000000, 0.000000,
   1.000000, 1.000000, 1.000000,
   0.000000, 0.000000, 1.000000,
   0.000000, 0.000000, 1.000000 ];

Array<double,2> gray(64,3) = 
 [ 0.000000, 0.000000, 0.000000,
   0.015873, 0.015873, 0.015873,
   0.031746, 0.031746, 0.031746,
   0.047619, 0.047619, 0.047619,
   0.063492, 0.063492, 0.063492,
   0.079365, 0.079365, 0.079365,
   0.095238, 0.095238, 0.095238,
   0.111111, 0.111111, 0.111111,
   0.126984, 0.126984, 0.126984,
   0.142857, 0.142857, 0.142857,
   0.158730, 0.158730, 0.158730,
   0.174603, 0.174603, 0.174603,
   0.190476, 0.190476, 0.190476,
   0.206349, 0.206349, 0.206349,
   0.222222, 0.222222, 0.222222,
   0.238095, 0.238095, 0.238095,
   0.253968, 0.253968, 0.253968,
   0.269841, 0.269841, 0.269841,
   0.285714, 0.285714, 0.285714,
   0.301587, 0.301587, 0.301587,
   0.317460, 0.317460, 0.317460,
   0.333333, 0.333333, 0.333333,
   0.349206, 0.349206, 0.349206,
   0.365079, 0.365079, 0.365079,
   0.380952, 0.380952, 0.380952,
   0.396825, 0.396825, 0.396825,
   0.412698, 0.412698, 0.412698,
   0.428571, 0.428571, 0.428571,
   0.444444, 0.444444, 0.444444,
   0.460317, 0.460317, 0.460317,
   0.476190, 0.476190, 0.476190,
   0.492063, 0.492063, 0.492063,
   0.507937, 0.507937, 0.507937,
   0.523810, 0.523810, 0.523810,
   0.539683, 0.539683, 0.539683,
   0.555556, 0.555556, 0.555556,
   0.571429, 0.571429, 0.571429,
   0.587302, 0.587302, 0.587302,
   0.603175, 0.603175, 0.603175,
   0.619048, 0.619048, 0.619048,
   0.634921, 0.634921, 0.634921,
   0.650794, 0.650794, 0.650794,
   0.666667, 0.666667, 0.666667,
   0.682540, 0.682540, 0.682540,
   0.698413, 0.698413, 0.698413,
   0.714286, 0.714286, 0.714286,
   0.730159, 0.730159, 0.730159,
   0.746032, 0.746032, 0.746032,
   0.761905, 0.761905, 0.761905,
   0.777778, 0.777778, 0.777778,
   0.793651, 0.793651, 0.793651,
   0.809524, 0.809524, 0.809524,
   0.825397, 0.825397, 0.825397,
   0.841270, 0.841270, 0.841270,
   0.857143, 0.857143, 0.857143,
   0.873016, 0.873016, 0.873016,
   0.888889, 0.888889, 0.888889,
   0.904762, 0.904762, 0.904762,
   0.920635, 0.920635, 0.920635,
   0.936508, 0.936508, 0.936508,
   0.952381, 0.952381, 0.952381,
   0.968254, 0.968254, 0.968254,
   0.984127, 0.984127, 0.984127,
   0.984127, 0.984127, 0.984127 ];

Array<double,2> hot(64,3) = 
 [ 0.041667, 0.000000, 0.000000,
   0.083333, 0.000000, 0.000000,
   0.125000, 0.000000, 0.000000,
   0.166667, 0.000000, 0.000000,
   0.208333, 0.000000, 0.000000,
   0.250000, 0.000000, 0.000000,
   0.291667, 0.000000, 0.000000,
   0.333333, 0.000000, 0.000000,
   0.375000, 0.000000, 0.000000,
   0.416667, 0.000000, 0.000000,
   0.458333, 0.000000, 0.000000,
   0.500000, 0.000000, 0.000000,
   0.541667, 0.000000, 0.000000,
   0.583333, 0.000000, 0.000000,
   0.625000, 0.000000, 0.000000,
   0.666667, 0.000000, 0.000000,
   0.708333, 0.000000, 0.000000,
   0.750000, 0.000000, 0.000000,
   0.791667, 0.000000, 0.000000,
   0.833333, 0.000000, 0.000000,
   0.875000, 0.000000, 0.000000,
   0.916667, 0.000000, 0.000000,
   0.958333, 0.000000, 0.000000,
   1.000000, 0.000000, 0.000000,
   1.000000, 0.041667, 0.000000,
   1.000000, 0.083333, 0.000000,
   1.000000, 0.125000, 0.000000,
   1.000000, 0.166667, 0.000000,
   1.000000, 0.208333, 0.000000,
   1.000000, 0.250000, 0.000000,
   1.000000, 0.291667, 0.000000,
   1.000000, 0.333333, 0.000000,
   1.000000, 0.375000, 0.000000,
   1.000000, 0.416667, 0.000000,
   1.000000, 0.458333, 0.000000,
   1.000000, 0.500000, 0.000000,
   1.000000, 0.541667, 0.000000,
   1.000000, 0.583333, 0.000000,
   1.000000, 0.625000, 0.000000,
   1.000000, 0.666667, 0.000000,
   1.000000, 0.708333, 0.000000,
   1.000000, 0.750000, 0.000000,
   1.000000, 0.791667, 0.000000,
   1.000000, 0.833333, 0.000000,
   1.000000, 0.875000, 0.000000,
   1.000000, 0.916667, 0.000000,
   1.000000, 0.958333, 0.000000,
   1.000000, 1.000000, 0.000000,
   1.000000, 1.000000, 0.062500,
   1.000000, 1.000000, 0.125000,
   1.000000, 1.000000, 0.187500,
   1.000000, 1.000000, 0.250000,
   1.000000, 1.000000, 0.312500,
   1.000000, 1.000000, 0.375000,
   1.000000, 1.000000, 0.437500,
   1.000000, 1.000000, 0.500000,
   1.000000, 1.000000, 0.562500,
   1.000000, 1.000000, 0.625000,
   1.000000, 1.000000, 0.687500,
   1.000000, 1.000000, 0.750000,
   1.000000, 1.000000, 0.812500,
   1.000000, 1.000000, 0.875000,
   1.000000, 1.000000, 0.937500,
   1.000000, 1.000000, 0.937500 ];

Array<double,2> hsv(64,3) = 
 [ 1.000000, 0.000000, 0.000000,
   1.000000, 0.093750, 0.000000,
   1.000000, 0.187500, 0.000000,
   1.000000, 0.281250, 0.000000,
   1.000000, 0.375000, 0.000000,
   1.000000, 0.468750, 0.000000,
   1.000000, 0.562500, 0.000000,
   1.000000, 0.656250, 0.000000,
   1.000000, 0.750000, 0.000000,
   1.000000, 0.843750, 0.000000,
   1.000000, 0.937500, 0.000000,
   0.968750, 1.000000, 0.000000,
   0.875000, 1.000000, 0.000000,
   0.781250, 1.000000, 0.000000,
   0.687500, 1.000000, 0.000000,
   0.593750, 1.000000, 0.000000,
   0.500000, 1.000000, 0.000000,
   0.406250, 1.000000, 0.000000,
   0.312500, 1.000000, 0.000000,
   0.218750, 1.000000, 0.000000,
   0.125000, 1.000000, 0.000000,
   0.031250, 1.000000, 0.000000,
   0.000000, 1.000000, 0.062500,
   0.000000, 1.000000, 0.156250,
   0.000000, 1.000000, 0.250000,
   0.000000, 1.000000, 0.343750,
   0.000000, 1.000000, 0.437500,
   0.000000, 1.000000, 0.531250,
   0.000000, 1.000000, 0.625000,
   0.000000, 1.000000, 0.718750,
   0.000000, 1.000000, 0.812500,
   0.000000, 1.000000, 0.906250,
   0.000000, 1.000000, 1.000000,
   0.000000, 0.906250, 1.000000,
   0.000000, 0.812500, 1.000000,
   0.000000, 0.718750, 1.000000,
   0.000000, 0.625000, 1.000000,
   0.000000, 0.531250, 1.000000,
   0.000000, 0.437500, 1.000000,
   0.000000, 0.343750, 1.000000,
   0.000000, 0.250000, 1.000000,
   0.000000, 0.156250, 1.000000,
   0.000000, 0.062500, 1.000000,
   0.031250, 0.000000, 1.000000,
   0.125000, 0.000000, 1.000000,
   0.218750, 0.000000, 1.000000,
   0.312500, 0.000000, 1.000000,
   0.406250, 0.000000, 1.000000,
   0.500000, 0.000000, 1.000000,
   0.593750, 0.000000, 1.000000,
   0.687500, 0.000000, 1.000000,
   0.781250, 0.000000, 1.000000,
   0.875000, 0.000000, 1.000000,
   0.968750, 0.000000, 1.000000,
   1.000000, 0.000000, 0.937500,
   1.000000, 0.000000, 0.843750,
   1.000000, 0.000000, 0.750000,
   1.000000, 0.000000, 0.656250,
   1.000000, 0.000000, 0.562500,
   1.000000, 0.000000, 0.468750,
   1.000000, 0.000000, 0.375000,
   1.000000, 0.000000, 0.281250,
   1.000000, 0.000000, 0.187500,
   1.000000, 0.000000, 0.187500 ];

Array<double,2> jet(64,3) = 
 [ 0.000000, 0.000000, 0.562500,
   0.000000, 0.000000, 0.625000,
   0.000000, 0.000000, 0.687500,
   0.000000, 0.000000, 0.750000,
   0.000000, 0.000000, 0.812500,
   0.000000, 0.000000, 0.875000,
   0.000000, 0.000000, 0.937500,
   0.000000, 0.000000, 1.000000,
   0.000000, 0.062500, 1.000000,
   0.000000, 0.125000, 1.000000,
   0.000000, 0.187500, 1.000000,
   0.000000, 0.250000, 1.000000,
   0.000000, 0.312500, 1.000000,
   0.000000, 0.375000, 1.000000,
   0.000000, 0.437500, 1.000000,
   0.000000, 0.500000, 1.000000,
   0.000000, 0.562500, 1.000000,
   0.000000, 0.625000, 1.000000,
   0.000000, 0.687500, 1.000000,
   0.000000, 0.750000, 1.000000,
   0.000000, 0.812500, 1.000000,
   0.000000, 0.875000, 1.000000,
   0.000000, 0.937500, 1.000000,
   0.000000, 1.000000, 1.000000,
   0.062500, 1.000000, 0.937500,
   0.125000, 1.000000, 0.875000,
   0.187500, 1.000000, 0.812500,
   0.250000, 1.000000, 0.750000,
   0.312500, 1.000000, 0.687500,
   0.375000, 1.000000, 0.625000,
   0.437500, 1.000000, 0.562500,
   0.500000, 1.000000, 0.500000,
   0.562500, 1.000000, 0.437500,
   0.625000, 1.000000, 0.375000,
   0.687500, 1.000000, 0.312500,
   0.750000, 1.000000, 0.250000,
   0.812500, 1.000000, 0.187500,
   0.875000, 1.000000, 0.125000,
   0.937500, 1.000000, 0.062500,
   1.000000, 1.000000, 0.000000,
   1.000000, 0.937500, 0.000000,
   1.000000, 0.875000, 0.000000,
   1.000000, 0.812500, 0.000000,
   1.000000, 0.750000, 0.000000,
   1.000000, 0.687500, 0.000000,
   1.000000, 0.625000, 0.000000,
   1.000000, 0.562500, 0.000000,
   1.000000, 0.500000, 0.000000,
   1.000000, 0.437500, 0.000000,
   1.000000, 0.375000, 0.000000,
   1.000000, 0.312500, 0.000000,
   1.000000, 0.250000, 0.000000,
   1.000000, 0.187500, 0.000000,
   1.000000, 0.125000, 0.000000,
   1.000000, 0.062500, 0.000000,
   1.000000, 0.000000, 0.000000,
   0.937500, 0.000000, 0.000000,
   0.875000, 0.000000, 0.000000,
   0.812500, 0.000000, 0.000000,
   0.750000, 0.000000, 0.000000,
   0.687500, 0.000000, 0.000000,
   0.625000, 0.000000, 0.000000,
   0.562500, 0.000000, 0.000000,
   0.562500, 0.000000, 0.000000 ];

Array<double,2> lines(64,3) = 
 [ 0.000000, 0.000000, 1.000000,
   0.000000, 0.500000, 0.000000,
   1.000000, 0.000000, 0.000000,
   0.000000, 0.750000, 0.750000,
   0.750000, 0.000000, 0.750000,
   0.750000, 0.750000, 0.000000,
   0.250000, 0.250000, 0.250000,
   0.000000, 0.000000, 1.000000,
   0.000000, 0.500000, 0.000000,
   1.000000, 0.000000, 0.000000,
   0.000000, 0.750000, 0.750000,
   0.750000, 0.000000, 0.750000,
   0.750000, 0.750000, 0.000000,
   0.250000, 0.250000, 0.250000,
   0.000000, 0.000000, 1.000000,
   0.000000, 0.500000, 0.000000,
   1.000000, 0.000000, 0.000000,
   0.000000, 0.750000, 0.750000,
   0.750000, 0.000000, 0.750000,
   0.750000, 0.750000, 0.000000,
   0.250000, 0.250000, 0.250000,
   0.000000, 0.000000, 1.000000,
   0.000000, 0.500000, 0.000000,
   1.000000, 0.000000, 0.000000,
   0.000000, 0.750000, 0.750000,
   0.750000, 0.000000, 0.750000,
   0.750000, 0.750000, 0.000000,
   0.250000, 0.250000, 0.250000,
   0.000000, 0.000000, 1.000000,
   0.000000, 0.500000, 0.000000,
   1.000000, 0.000000, 0.000000,
   0.000000, 0.750000, 0.750000,
   0.750000, 0.000000, 0.750000,
   0.750000, 0.750000, 0.000000,
   0.250000, 0.250000, 0.250000,
   0.000000, 0.000000, 1.000000,
   0.000000, 0.500000, 0.000000,
   1.000000, 0.000000, 0.000000,
   0.000000, 0.750000, 0.750000,
   0.750000, 0.000000, 0.750000,
   0.750000, 0.750000, 0.000000,
   0.250000, 0.250000, 0.250000,
   0.000000, 0.000000, 1.000000,
   0.000000, 0.500000, 0.000000,
   1.000000, 0.000000, 0.000000,
   0.000000, 0.750000, 0.750000,
   0.750000, 0.000000, 0.750000,
   0.750000, 0.750000, 0.000000,
   0.250000, 0.250000, 0.250000,
   0.000000, 0.000000, 1.000000,
   0.000000, 0.500000, 0.000000,
   1.000000, 0.000000, 0.000000,
   0.000000, 0.750000, 0.750000,
   0.750000, 0.000000, 0.750000,
   0.750000, 0.750000, 0.000000,
   0.250000, 0.250000, 0.250000,
   0.000000, 0.000000, 1.000000,
   0.000000, 0.500000, 0.000000,
   1.000000, 0.000000, 0.000000,
   0.000000, 0.750000, 0.750000,
   0.750000, 0.000000, 0.750000,
   0.750000, 0.750000, 0.000000,
   0.250000, 0.250000, 0.250000,
   0.250000, 0.250000, 0.250000 ];

Array<double,2> pink(64,3) = 
 [ 0.117851, 0.000000, 0.000000,
   0.195857, 0.102869, 0.102869,
   0.250661, 0.145479, 0.145479,
   0.295468, 0.178174, 0.178174,
   0.334324, 0.205738, 0.205738,
   0.369112, 0.230022, 0.230022,
   0.400892, 0.251976, 0.251976,
   0.430331, 0.272166, 0.272166,
   0.457882, 0.290957, 0.290957,
   0.483867, 0.308607, 0.308607,
   0.508525, 0.325300, 0.325300,
   0.532042, 0.341178, 0.341178,
   0.554563, 0.356348, 0.356348,
   0.576204, 0.370899, 0.370899,
   0.597061, 0.384900, 0.384900,
   0.617213, 0.398410, 0.398410,
   0.636729, 0.411476, 0.411476,
   0.655663, 0.424139, 0.424139,
   0.674066, 0.436436, 0.436436,
   0.691980, 0.448395, 0.448395,
   0.709441, 0.460044, 0.460044,
   0.726483, 0.471405, 0.471405,
   0.743134, 0.482498, 0.482498,
   0.759421, 0.493342, 0.493342,
   0.766356, 0.517549, 0.503953,
   0.773229, 0.540674, 0.514344,
   0.780042, 0.562849, 0.524531,
   0.786796, 0.584183, 0.534522,
   0.793492, 0.604765, 0.544331,
   0.800132, 0.624669, 0.553966,
   0.806718, 0.643958, 0.563436,
   0.813250, 0.662687, 0.572750,
   0.819730, 0.680900, 0.581914,
   0.826160, 0.698638, 0.590937,
   0.832539, 0.715937, 0.599824,
   0.838870, 0.732828, 0.608581,
   0.845154, 0.749338, 0.617213,
   0.851392, 0.765493, 0.625727,
   0.857584, 0.781313, 0.634126,
   0.863731, 0.796819, 0.642416,
   0.869835, 0.812029, 0.650600,
   0.875897, 0.826960, 0.658682,
   0.881917, 0.841625, 0.666667,
   0.887896, 0.856040, 0.674556,
   0.893835, 0.870216, 0.682355,
   0.899735, 0.884164, 0.690066,
   0.905597, 0.897896, 0.697691,
   0.911421, 0.911421, 0.705234,
   0.917208, 0.917208, 0.727166,
   0.922958, 0.922958, 0.748455,
   0.928673, 0.928673, 0.769156,
   0.934353, 0.934353, 0.789314,
   0.939999, 0.939999, 0.808969,
   0.945611, 0.945611, 0.828159,
   0.951190, 0.951190, 0.846913,
   0.956736, 0.956736, 0.865261,
   0.962250, 0.962250, 0.883229,
   0.967733, 0.967733, 0.900837,
   0.973185, 0.973185, 0.918109,
   0.978607, 0.978607, 0.935061,
   0.983999, 0.983999, 0.951711,
   0.989361, 0.989361, 0.968075,
   0.994695, 0.994695, 0.984167,
   0.994695, 0.994695, 0.984167 ];

Array<double,2> prism(64,3) = 
 [ 1.000000, 0.000000, 0.000000,
   1.000000, 0.500000, 0.000000,
   1.000000, 1.000000, 0.000000,
   0.000000, 1.000000, 0.000000,
   0.000000, 0.000000, 1.000000,
   0.666667, 0.000000, 1.000000,
   1.000000, 0.000000, 0.000000,
   1.000000, 0.500000, 0.000000,
   1.000000, 1.000000, 0.000000,
   0.000000, 1.000000, 0.000000,
   0.000000, 0.000000, 1.000000,
   0.666667, 0.000000, 1.000000,
   1.000000, 0.000000, 0.000000,
   1.000000, 0.500000, 0.000000,
   1.000000, 1.000000, 0.000000,
   0.000000, 1.000000, 0.000000,
   0.000000, 0.000000, 1.000000,
   0.666667, 0.000000, 1.000000,
   1.000000, 0.000000, 0.000000,
   1.000000, 0.500000, 0.000000,
   1.000000, 1.000000, 0.000000,
   0.000000, 1.000000, 0.000000,
   0.000000, 0.000000, 1.000000,
   0.666667, 0.000000, 1.000000,
   1.000000, 0.000000, 0.000000,
   1.000000, 0.500000, 0.000000,
   1.000000, 1.000000, 0.000000,
   0.000000, 1.000000, 0.000000,
   0.000000, 0.000000, 1.000000,
   0.666667, 0.000000, 1.000000,
   1.000000, 0.000000, 0.000000,
   1.000000, 0.500000, 0.000000,
   1.000000, 1.000000, 0.000000,
   0.000000, 1.000000, 0.000000,
   0.000000, 0.000000, 1.000000,
   0.666667, 0.000000, 1.000000,
   1.000000, 0.000000, 0.000000,
   1.000000, 0.500000, 0.000000,
   1.000000, 1.000000, 0.000000,
   0.000000, 1.000000, 0.000000,
   0.000000, 0.000000, 1.000000,
   0.666667, 0.000000, 1.000000,
   1.000000, 0.000000, 0.000000,
   1.000000, 0.500000, 0.000000,
   1.000000, 1.000000, 0.000000,
   0.000000, 1.000000, 0.000000,
   0.000000, 0.000000, 1.000000,
   0.666667, 0.000000, 1.000000,
   1.000000, 0.000000, 0.000000,
   1.000000, 0.500000, 0.000000,
   1.000000, 1.000000, 0.000000,
   0.000000, 1.000000, 0.000000,
   0.000000, 0.000000, 1.000000,
   0.666667, 0.000000, 1.000000,
   1.000000, 0.000000, 0.000000,
   1.000000, 0.500000, 0.000000,
   1.000000, 1.000000, 0.000000,
   0.000000, 1.000000, 0.000000,
   0.000000, 0.000000, 1.000000,
   0.666667, 0.000000, 1.000000,
   1.000000, 0.000000, 0.000000,
   1.000000, 0.500000, 0.000000,
   1.000000, 1.000000, 0.000000,
   1.000000, 1.000000, 0.000000 ];

Array<double,2> spring(64,3) = 
 [ 1.000000, 0.000000, 1.000000,
   1.000000, 0.015873, 0.984127,
   1.000000, 0.031746, 0.968254,
   1.000000, 0.047619, 0.952381,
   1.000000, 0.063492, 0.936508,
   1.000000, 0.079365, 0.920635,
   1.000000, 0.095238, 0.904762,
   1.000000, 0.111111, 0.888889,
   1.000000, 0.126984, 0.873016,
   1.000000, 0.142857, 0.857143,
   1.000000, 0.158730, 0.841270,
   1.000000, 0.174603, 0.825397,
   1.000000, 0.190476, 0.809524,
   1.000000, 0.206349, 0.793651,
   1.000000, 0.222222, 0.777778,
   1.000000, 0.238095, 0.761905,
   1.000000, 0.253968, 0.746032,
   1.000000, 0.269841, 0.730159,
   1.000000, 0.285714, 0.714286,
   1.000000, 0.301587, 0.698413,
   1.000000, 0.317460, 0.682540,
   1.000000, 0.333333, 0.666667,
   1.000000, 0.349206, 0.650794,
   1.000000, 0.365079, 0.634921,
   1.000000, 0.380952, 0.619048,
   1.000000, 0.396825, 0.603175,
   1.000000, 0.412698, 0.587302,
   1.000000, 0.428571, 0.571429,
   1.000000, 0.444444, 0.555556,
   1.000000, 0.460317, 0.539683,
   1.000000, 0.476190, 0.523810,
   1.000000, 0.492063, 0.507937,
   1.000000, 0.507937, 0.492063,
   1.000000, 0.523810, 0.476190,
   1.000000, 0.539683, 0.460317,
   1.000000, 0.555556, 0.444444,
   1.000000, 0.571429, 0.428571,
   1.000000, 0.587302, 0.412698,
   1.000000, 0.603175, 0.396825,
   1.000000, 0.619048, 0.380952,
   1.000000, 0.634921, 0.365079,
   1.000000, 0.650794, 0.349206,
   1.000000, 0.666667, 0.333333,
   1.000000, 0.682540, 0.317460,
   1.000000, 0.698413, 0.301587,
   1.000000, 0.714286, 0.285714,
   1.000000, 0.730159, 0.269841,
   1.000000, 0.746032, 0.253968,
   1.000000, 0.761905, 0.238095,
   1.000000, 0.777778, 0.222222,
   1.000000, 0.793651, 0.206349,
   1.000000, 0.809524, 0.190476,
   1.000000, 0.825397, 0.174603,
   1.000000, 0.841270, 0.158730,
   1.000000, 0.857143, 0.142857,
   1.000000, 0.873016, 0.126984,
   1.000000, 0.888889, 0.111111,
   1.000000, 0.904762, 0.095238,
   1.000000, 0.920635, 0.079365,
   1.000000, 0.936508, 0.063492,
   1.000000, 0.952381, 0.047619,
   1.000000, 0.968254, 0.031746,
   1.000000, 0.984127, 0.015873,
   1.000000, 0.984127, 0.015873 ];

Array<double,2> summer(64,3) = 
 [ 0.000000, 0.500000, 0.400000,
   0.015873, 0.507937, 0.400000,
   0.031746, 0.515873, 0.400000,
   0.047619, 0.523810, 0.400000,
   0.063492, 0.531746, 0.400000,
   0.079365, 0.539683, 0.400000,
   0.095238, 0.547619, 0.400000,
   0.111111, 0.555556, 0.400000,
   0.126984, 0.563492, 0.400000,
   0.142857, 0.571429, 0.400000,
   0.158730, 0.579365, 0.400000,
   0.174603, 0.587302, 0.400000,
   0.190476, 0.595238, 0.400000,
   0.206349, 0.603175, 0.400000,
   0.222222, 0.611111, 0.400000,
   0.238095, 0.619048, 0.400000,
   0.253968, 0.626984, 0.400000,
   0.269841, 0.634921, 0.400000,
   0.285714, 0.642857, 0.400000,
   0.301587, 0.650794, 0.400000,
   0.317460, 0.658730, 0.400000,
   0.333333, 0.666667, 0.400000,
   0.349206, 0.674603, 0.400000,
   0.365079, 0.682540, 0.400000,
   0.380952, 0.690476, 0.400000,
   0.396825, 0.698413, 0.400000,
   0.412698, 0.706349, 0.400000,
   0.428571, 0.714286, 0.400000,
   0.444444, 0.722222, 0.400000,
   0.460317, 0.730159, 0.400000,
   0.476190, 0.738095, 0.400000,
   0.492063, 0.746032, 0.400000,
   0.507937, 0.753968, 0.400000,
   0.523810, 0.761905, 0.400000,
   0.539683, 0.769841, 0.400000,
   0.555556, 0.777778, 0.400000,
   0.571429, 0.785714, 0.400000,
   0.587302, 0.793651, 0.400000,
   0.603175, 0.801587, 0.400000,
   0.619048, 0.809524, 0.400000,
   0.634921, 0.817460, 0.400000,
   0.650794, 0.825397, 0.400000,
   0.666667, 0.833333, 0.400000,
   0.682540, 0.841270, 0.400000,
   0.698413, 0.849206, 0.400000,
   0.714286, 0.857143, 0.400000,
   0.730159, 0.865079, 0.400000,
   0.746032, 0.873016, 0.400000,
   0.761905, 0.880952, 0.400000,
   0.777778, 0.888889, 0.400000,
   0.793651, 0.896825, 0.400000,
   0.809524, 0.904762, 0.400000,
   0.825397, 0.912698, 0.400000,
   0.841270, 0.920635, 0.400000,
   0.857143, 0.928571, 0.400000,
   0.873016, 0.936508, 0.400000,
   0.888889, 0.944444, 0.400000,
   0.904762, 0.952381, 0.400000,
   0.920635, 0.960317, 0.400000,
   0.936508, 0.968254, 0.400000,
   0.952381, 0.976190, 0.400000,
   0.968254, 0.984127, 0.400000,
   0.984127, 0.992063, 0.400000,
   0.984127, 0.992063, 0.400000 ];

Array<double,2> white(64,3) = 
 [ 1.000000, 1.000000, 1.000000,
   1.000000, 1.000000, 1.000000,
   1.000000, 1.000000, 1.000000,
   1.000000, 1.000000, 1.000000,
   1.000000, 1.000000, 1.000000,
   1.000000, 1.000000, 1.000000,
   1.000000, 1.000000, 1.000000,
   1.000000, 1.000000, 1.000000,
   1.000000, 1.000000, 1.000000,
   1.000000, 1.000000, 1.000000,
   1.000000, 1.000000, 1.000000,
   1.000000, 1.000000, 1.000000,
   1.000000, 1.000000, 1.000000,
   1.000000, 1.000000, 1.000000,
   1.000000, 1.000000, 1.000000,
   1.000000, 1.000000, 1.000000,
   1.000000, 1.000000, 1.000000,
   1.000000, 1.000000, 1.000000,
   1.000000, 1.000000, 1.000000,
   1.000000, 1.000000, 1.000000,
   1.000000, 1.000000, 1.000000,
   1.000000, 1.000000, 1.000000,
   1.000000, 1.000000, 1.000000,
   1.000000, 1.000000, 1.000000,
   1.000000, 1.000000, 1.000000,
   1.000000, 1.000000, 1.000000,
   1.000000, 1.000000, 1.000000,
   1.000000, 1.000000, 1.000000,
   1.000000, 1.000000, 1.000000,
   1.000000, 1.000000, 1.000000,
   1.000000, 1.000000, 1.000000,
   1.000000, 1.000000, 1.000000,
   1.000000, 1.000000, 1.000000,
   1.000000, 1.000000, 1.000000,
   1.000000, 1.000000, 1.000000,
   1.000000, 1.000000, 1.000000,
   1.000000, 1.000000, 1.000000,
   1.000000, 1.000000, 1.000000,
   1.000000, 1.000000, 1.000000,
   1.000000, 1.000000, 1.000000,
   1.000000, 1.000000, 1.000000,
   1.000000, 1.000000, 1.000000,
   1.000000, 1.000000, 1.000000,
   1.000000, 1.000000, 1.000000,
   1.000000, 1.000000, 1.000000,
   1.000000, 1.000000, 1.000000,
   1.000000, 1.000000, 1.000000,
   1.000000, 1.000000, 1.000000,
   1.000000, 1.000000, 1.000000,
   1.000000, 1.000000, 1.000000,
   1.000000, 1.000000, 1.000000,
   1.000000, 1.000000, 1.000000,
   1.000000, 1.000000, 1.000000,
   1.000000, 1.000000, 1.000000,
   1.000000, 1.000000, 1.000000,
   1.000000, 1.000000, 1.000000,
   1.000000, 1.000000, 1.000000,
   1.000000, 1.000000, 1.000000,
   1.000000, 1.000000, 1.000000,
   1.000000, 1.000000, 1.000000,
   1.000000, 1.000000, 1.000000,
   1.000000, 1.000000, 1.000000,
   1.000000, 1.000000, 1.000000,
   1.000000, 1.000000, 1.000000 ];

Array<double,2> winter(64,3) = 
 [ 0.000000, 0.000000, 1.000000,
   0.000000, 0.015873, 0.992063,
   0.000000, 0.031746, 0.984127,
   0.000000, 0.047619, 0.976190,
   0.000000, 0.063492, 0.968254,
   0.000000, 0.079365, 0.960317,
   0.000000, 0.095238, 0.952381,
   0.000000, 0.111111, 0.944444,
   0.000000, 0.126984, 0.936508,
   0.000000, 0.142857, 0.928571,
   0.000000, 0.158730, 0.920635,
   0.000000, 0.174603, 0.912698,
   0.000000, 0.190476, 0.904762,
   0.000000, 0.206349, 0.896825,
   0.000000, 0.222222, 0.888889,
   0.000000, 0.238095, 0.880952,
   0.000000, 0.253968, 0.873016,
   0.000000, 0.269841, 0.865079,
   0.000000, 0.285714, 0.857143,
   0.000000, 0.301587, 0.849206,
   0.000000, 0.317460, 0.841270,
   0.000000, 0.333333, 0.833333,
   0.000000, 0.349206, 0.825397,
   0.000000, 0.365079, 0.817460,
   0.000000, 0.380952, 0.809524,
   0.000000, 0.396825, 0.801587,
   0.000000, 0.412698, 0.793651,
   0.000000, 0.428571, 0.785714,
   0.000000, 0.444444, 0.777778,
   0.000000, 0.460317, 0.769841,
   0.000000, 0.476190, 0.761905,
   0.000000, 0.492063, 0.753968,
   0.000000, 0.507937, 0.746032,
   0.000000, 0.523810, 0.738095,
   0.000000, 0.539683, 0.730159,
   0.000000, 0.555556, 0.722222,
   0.000000, 0.571429, 0.714286,
   0.000000, 0.587302, 0.706349,
   0.000000, 0.603175, 0.698413,
   0.000000, 0.619048, 0.690476,
   0.000000, 0.634921, 0.682540,
   0.000000, 0.650794, 0.674603,
   0.000000, 0.666667, 0.666667,
   0.000000, 0.682540, 0.658730,
   0.000000, 0.698413, 0.650794,
   0.000000, 0.714286, 0.642857,
   0.000000, 0.730159, 0.634921,
   0.000000, 0.746032, 0.626984,
   0.000000, 0.761905, 0.619048,
   0.000000, 0.777778, 0.611111,
   0.000000, 0.793651, 0.603175,
   0.000000, 0.809524, 0.595238,
   0.000000, 0.825397, 0.587302,
   0.000000, 0.841270, 0.579365,
   0.000000, 0.857143, 0.571429,
   0.000000, 0.873016, 0.563492,
   0.000000, 0.888889, 0.555556,
   0.000000, 0.904762, 0.547619,
   0.000000, 0.920635, 0.539683,
   0.000000, 0.936508, 0.531746,
   0.000000, 0.952381, 0.523810,
   0.000000, 0.968254, 0.515873,
   0.000000, 0.984127, 0.507937,
   0.000000, 0.984127, 0.507937 ];

