-1.000000000000e+01 2.598551666591e-06
-9.990000000000e+00 2.627586887097e-06
-9.980000000000e+00 2.656942374932e-06
-9.970000000000e+00 2.686621607544e-06
-9.960000000000e+00 2.716628096338e-06
-9.950000000000e+00 2.746965392681e-06
-9.940000000000e+00 2.777637083973e-06
-9.930000000000e+00 2.808646796671e-06
-9.920000000000e+00 2.839998195324e-06
-9.910000000000e+00 2.871694983403e-06
-9.900000000000e+00 2.903740903893e-06
-9.890000000000e+00 2.936139738883e-06
-9.880000000000e+00 2.968895311980e-06
-9.870000000000e+00 3.002011485341e-06
-9.860000000000e+00 3.035492163715e-06
-9.850000000000e+00 3.069341292256e-06
-9.840000000000e+00 3.103562858349e-06
-9.830000000000e+00 3.138160891530e-06
-9.820000000000e+00 3.173139463812e-06
-9.810000000000e+00 3.208502690617e-06
-9.800000000000e+00 3.244254730336e-06
-9.790000000000e+00 3.280399786491e-06
-9.780000000000e+00 3.316942105484e-06
-9.770000000000e+00 3.353885979878e-06
-9.760000000000e+00 3.391235746873e-06
-9.750000000000e+00 3.428995789778e-06
-9.740000000000e+00 3.467170538193e-06
-9.730000000000e+00 3.505764468271e-06
-9.720000000000e+00 3.544782103722e-06
-9.710000000000e+00 3.584228015417e-06
-9.700000000000e+00 3.624106823577e-06
-9.690000000000e+00 3.664423195566e-06
-9.680000000000e+00 3.705181849258e-06
-9.670000000000e+00 3.746387551443e-06
-9.660000000000e+00 3.788045119501e-06
-9.650000000000e+00 3.830159421456e-06
-9.640000000000e+00 3.872735376440e-06
-9.630000000000e+00 3.915777955611e-06
-9.620000000000e+00 3.959292181832e-06
-9.610000000000e+00 4.003283132155e-06
-9.600000000000e+00 4.047755935019e-06
-9.590000000000e+00 4.092715774535e-06
-9.580000000000e+00 4.138167888059e-06
-9.570000000000e+00 4.184117568706e-06
-9.560000000000e+00 4.230570164760e-06
-9.550000000000e+00 4.277531080760e-06
-9.540000000000e+00 4.325005778015e-06
-9.530000000000e+00 4.372999774905e-06
-9.520000000000e+00 4.421518647952e-06
-9.510000000000e+00 4.470568031577e-06
-9.500000000000e+00 4.520153620446e-06
-9.490000000000e+00 4.570281167121e-06
-9.480000000000e+00 4.620956485979e-06
-9.470000000000e+00 4.672185451129e-06
-9.460000000000e+00 4.723973998877e-06
-9.450000000000e+00 4.776328127182e-06
-9.440000000000e+00 4.829253896909e-06
-9.430000000000e+00 4.882757432253e-06
-9.420000000000e+00 4.936844921274e-06
-9.410000000000e+00 4.991522616872e-06
-9.400000000000e+00 5.046796836693e-06
-9.390000000000e+00 5.102673965703e-06
-9.380000000000e+00 5.159160453383e-06
-9.370000000000e+00 5.216262818492e-06
-9.360000000000e+00 5.273987646190e-06
-9.350000000000e+00 5.332341591439e-06
-9.340000000000e+00 5.391331377684e-06
-9.330000000000e+00 5.450963798967e-06
-9.320000000000e+00 5.511245719700e-06
-9.310000000000e+00 5.572184075914e-06
-9.300000000000e+00 5.633785875743e-06
-9.290000000000e+00 5.696058200146e-06
-9.280000000000e+00 5.759008203816e-06
-9.270000000000e+00 5.822643115610e-06
-9.260000000000e+00 5.886970239686e-06
-9.250000000000e+00 5.951996955624e-06
-9.240000000000e+00 6.017730720594e-06
-9.230000000000e+00 6.084179067649e-06
-9.220000000000e+00 6.151349609418e-06
-9.210000000000e+00 6.219250036297e-06
-9.200000000000e+00 6.287888119290e-06
-9.190000000000e+00 6.357271709209e-06
-9.180000000000e+00 6.427408738683e-06
-9.170000000000e+00 6.498307222088e-06
-9.160000000000e+00 6.569975256974e-06
-9.150000000000e+00 6.642421024501e-06
-9.140000000000e+00 6.715652790486e-06
-9.130000000000e+00 6.789678906168e-06
-9.120000000000e+00 6.864507809024e-06
-9.110000000000e+00 6.940148023743e-06
-9.100000000000e+00 7.016608162912e-06
-9.090000000000e+00 7.093896928107e-06
-9.080000000000e+00 7.172023110533e-06
-9.070000000000e+00 7.250995592165e-06
-9.060000000000e+00 7.330823346291e-06
-9.050000000000e+00 7.411515439168e-06
-9.040000000000e+00 7.493081029631e-06
-9.030000000000e+00 7.575529371566e-06
-9.020000000000e+00 7.658869813442e-06
-9.010000000000e+00 7.743111800394e-06
-9.000000000000e+00 7.828264874248e-06
-8.990000000000e+00 7.914338675212e-06
-8.980000000000e+00 8.001342942271e-06
-8.970000000000e+00 8.089287514598e-06
-8.960000000000e+00 8.178182332213e-06
-8.950000000000e+00 8.268037437209e-06
-8.940000000000e+00 8.358862974596e-06
-8.930000000000e+00 8.450669193412e-06
-8.920000000000e+00 8.543466447691e-06
-8.910000000000e+00 8.637265197510e-06
-8.900000000000e+00 8.732076010036e-06
-8.890000000000e+00 8.827909560551e-06
-8.880000000000e+00 8.924776633545e-06
-8.870000000000e+00 9.022688123748e-06
-8.860000000000e+00 9.121655037238e-06
-8.850000000000e+00 9.221688492510e-06
-8.840000000000e+00 9.322799721579e-06
-8.830000000000e+00 9.425000071099e-06
-8.820000000000e+00 9.528301003449e-06
-8.810000000000e+00 9.632714097916e-06
-8.800000000000e+00 9.738251051755e-06
-8.790000000000e+00 9.844923681438e-06
-8.780000000000e+00 9.952743923689e-06
-8.770000000000e+00 1.006172383680e-05
-8.760000000000e+00 1.017187560165e-05
-8.750000000000e+00 1.028321152306e-05
-8.740000000000e+00 1.039574403081e-05
-8.730000000000e+00 1.050948568109e-05
-8.720000000000e+00 1.062444915744e-05
-8.710000000000e+00 1.074064727226e-05
-8.700000000000e+00 1.085809296778e-05
-8.690000000000e+00 1.097679931764e-05
-8.680000000000e+00 1.109677952779e-05
-8.670000000000e+00 1.121804693813e-05
-8.660000000000e+00 1.134061502346e-05
-8.650000000000e+00 1.146449739512e-05
-8.640000000000e+00 1.158970780193e-05
-8.630000000000e+00 1.171626013196e-05
-8.620000000000e+00 1.184416841335e-05
-8.610000000000e+00 1.197344681620e-05
-8.600000000000e+00 1.210410965340e-05
-8.590000000000e+00 1.223617138251e-05
-8.580000000000e+00 1.236964660666e-05
-8.570000000000e+00 1.250455007642e-05
-8.560000000000e+00 1.264089669073e-05
-8.550000000000e+00 1.277870149880e-05
-8.540000000000e+00 1.291797970108e-05
-8.530000000000e+00 1.305874665114e-05
-8.520000000000e+00 1.320101785674e-05
-8.510000000000e+00 1.334480898164e-05
-8.500000000000e+00 1.349013584679e-05
-8.490000000000e+00 1.363701443207e-05
-8.480000000000e+00 1.378546087765e-05
-8.470000000000e+00 1.393549148552e-05
-8.460000000000e+00 1.408712272119e-05
-8.450000000000e+00 1.424037121491e-05
-8.440000000000e+00 1.439525376373e-05
-8.430000000000e+00 1.455178733236e-05
-8.420000000000e+00 1.470998905579e-05
-8.410000000000e+00 1.486987623951e-05
-8.400000000000e+00 1.503146636287e-05
-8.390000000000e+00 1.519477707854e-05
-8.380000000000e+00 1.535982621688e-05
-8.370000000000e+00 1.552663178423e-05
-8.360000000000e+00 1.569521196869e-05
-8.350000000000e+00 1.586558513686e-05
-8.340000000000e+00 1.603776984143e-05
-8.330000000000e+00 1.621178481596e-05
-8.320000000000e+00 1.638764898474e-05
-8.310000000000e+00 1.656538145507e-05
-8.300000000000e+00 1.674500152912e-05
-8.290000000000e+00 1.692652869737e-05
-8.280000000000e+00 1.710998264519e-05
-8.270000000000e+00 1.729538325232e-05
-8.260000000000e+00 1.748275059639e-05
-8.250000000000e+00 1.767210495317e-05
-8.240000000000e+00 1.786346679977e-05
-8.230000000000e+00 1.805685681549e-05
-8.220000000000e+00 1.825229588433e-05
-8.210000000000e+00 1.844980509675e-05
-8.200000000000e+00 1.864940575105e-05
-8.190000000000e+00 1.885111935672e-05
-8.180000000000e+00 1.905496763390e-05
-8.170000000000e+00 1.926097251910e-05
-8.160000000000e+00 1.946915616187e-05
-8.150000000000e+00 1.967954093399e-05
-8.140000000000e+00 1.989214942203e-05
-8.130000000000e+00 2.010700444150e-05
-8.120000000000e+00 2.032412902364e-05
-8.110000000000e+00 2.054354643462e-05
-8.100000000000e+00 2.076528016328e-05
-8.090000000000e+00 2.098935393107e-05
-8.080000000000e+00 2.121579169112e-05
-8.070000000000e+00 2.144461763180e-05
-8.060000000000e+00 2.167585617819e-05
-8.050000000000e+00 2.190953199384e-05
-8.040000000000e+00 2.214566998483e-05
-8.030000000000e+00 2.238429529812e-05
-8.020000000000e+00 2.262543333015e-05
-8.010000000000e+00 2.286910971955e-05
-8.000000000000e+00 2.311535036271e-05
-7.990000000000e+00 2.336418139818e-05
-7.980000000000e+00 2.361562922989e-05
-7.970000000000e+00 2.386972051160e-05
-7.960000000000e+00 2.412648215896e-05
-7.950000000000e+00 2.438594134840e-05
-7.940000000000e+00 2.464812552048e-05
-7.930000000000e+00 2.491306238287e-05
-7.920000000000e+00 2.518077990987e-05
-7.910000000000e+00 2.545130635081e-05
-7.900000000000e+00 2.572467022245e-05
-7.890000000000e+00 2.600090032660e-05
-7.880000000000e+00 2.628002573105e-05
-7.870000000000e+00 2.656207579816e-05
-7.860000000000e+00 2.684708016491e-05
-7.850000000000e+00 2.713506875734e-05
-7.840000000000e+00 2.742607178971e-05
-7.830000000000e+00 2.772011976659e-05
-7.820000000000e+00 2.801724348895e-05
-7.810000000000e+00 2.831747404905e-05
-7.800000000000e+00 2.862084284647e-05
-7.790000000000e+00 2.892738157001e-05
-7.780000000000e+00 2.923712222670e-05
-7.770000000000e+00 2.955009712128e-05
-7.760000000000e+00 2.986633887148e-05
-7.750000000000e+00 3.018588040704e-05
-7.740000000000e+00 3.050875497172e-05
-7.730000000000e+00 3.083499613085e-05
-7.720000000000e+00 3.116463776354e-05
-7.710000000000e+00 3.149771408132e-05
-7.700000000000e+00 3.183425961547e-05
-7.690000000000e+00 3.217430922984e-05
-7.680000000000e+00 3.251789811872e-05
-7.670000000000e+00 3.286506181199e-05
-7.660000000000e+00 3.321583617891e-05
-7.650000000000e+00 3.357025742518e-05
-7.640000000000e+00 3.392836210906e-05
-7.630000000000e+00 3.429018712118e-05
-7.620000000000e+00 3.465576971895e-05
-7.610000000000e+00 3.502514750125e-05
-7.600000000000e+00 3.539835842644e-05
-7.590000000000e+00 3.577544081250e-05
-7.580000000000e+00 3.615643333564e-05
-7.570000000000e+00 3.654137504577e-05
-7.560000000000e+00 3.693030534602e-05
-7.550000000000e+00 3.732326402906e-05
-7.540000000000e+00 3.772029125003e-05
-7.530000000000e+00 3.812142754552e-05
-7.520000000000e+00 3.852671383446e-05
-7.510000000000e+00 3.893619141470e-05
-7.500000000000e+00 3.934990197983e-05
-7.490000000000e+00 3.976788760751e-05
-7.480000000000e+00 4.019019077340e-05
-7.470000000000e+00 4.061685434863e-05
-7.460000000000e+00 4.104792160504e-05
-7.450000000000e+00 4.148343622282e-05
-7.440000000000e+00 4.192344227941e-05
-7.430000000000e+00 4.236798427737e-05
-7.420000000000e+00 4.281710712336e-05
-7.410000000000e+00 4.327085614611e-05
-7.400000000000e+00 4.372927709592e-05
-7.390000000000e+00 4.419241614342e-05
-7.380000000000e+00 4.466031989579e-05
-7.370000000000e+00 4.513303538526e-05
-7.360000000000e+00 4.561061008385e-05
-7.350000000000e+00 4.609309190095e-05
-7.340000000000e+00 4.658052918746e-05
-7.330000000000e+00 4.707297074825e-05
-7.320000000000e+00 4.757046582148e-05
-7.310000000000e+00 4.807306412130e-05
-7.300000000000e+00 4.858081580453e-05
-7.290000000000e+00 4.909377149278e-05
-7.280000000000e+00 4.961198227783e-05
-7.270000000000e+00 5.013549970629e-05
-7.260000000000e+00 5.066437581709e-05
-7.250000000000e+00 5.119866311191e-05
-7.240000000000e+00 5.173841457663e-05
-7.230000000000e+00 5.228368368572e-05
-7.220000000000e+00 5.283452438824e-05
-7.210000000000e+00 5.339099114496e-05
-7.200000000000e+00 5.395313889883e-05
-7.190000000000e+00 5.452102309657e-05
-7.180000000000e+00 5.509469969404e-05
-7.170000000000e+00 5.567422513949e-05
-7.160000000000e+00 5.625965641566e-05
-7.150000000000e+00 5.685105100608e-05
-7.140000000000e+00 5.744846691765e-05
-7.130000000000e+00 5.805196268950e-05
-7.120000000000e+00 5.866159736822e-05
-7.110000000000e+00 5.927743056194e-05
-7.100000000000e+00 5.989952239704e-05
-7.090000000000e+00 6.052793354239e-05
-7.080000000000e+00 6.116272521989e-05
-7.070000000000e+00 6.180395919345e-05
-7.060000000000e+00 6.245169778558e-05
-7.050000000000e+00 6.310600387699e-05
-7.040000000000e+00 6.376694090213e-05
-7.030000000000e+00 6.443457287791e-05
-7.020000000000e+00 6.510896438018e-05
-7.010000000000e+00 6.579018056423e-05
-7.000000000000e+00 6.647828717151e-05
-6.990000000000e+00 6.717335050677e-05
-6.980000000000e+00 6.787543749409e-05
-6.970000000000e+00 6.858461563136e-05
-6.960000000000e+00 6.930095301401e-05
-6.950000000000e+00 7.002451835100e-05
-6.940000000000e+00 7.075538094826e-05
-6.930000000000e+00 7.149361072746e-05
-6.920000000000e+00 7.223927823121e-05
-6.910000000000e+00 7.299245460218e-05
-6.900000000000e+00 7.375321163921e-05
-6.890000000000e+00 7.452162175126e-05
-6.880000000000e+00 7.529775798044e-05
-6.870000000000e+00 7.608169402155e-05
-6.860000000000e+00 7.687350420203e-05
-6.850000000000e+00 7.767326350148e-05
-6.840000000000e+00 7.848104756234e-05
-6.830000000000e+00 7.929693265429e-05
-6.820000000000e+00 8.012099575373e-05
-6.810000000000e+00 8.095331447984e-05
-6.800000000000e+00 8.179396711608e-05
-6.790000000000e+00 8.264303264882e-05
-6.780000000000e+00 8.350059072948e-05
-6.770000000000e+00 8.436672169539e-05
-6.760000000000e+00 8.524150658898e-05
-6.750000000000e+00 8.612502713846e-05
-6.740000000000e+00 8.701736577659e-05
-6.730000000000e+00 8.791860564784e-05
-6.720000000000e+00 8.882883060199e-05
-6.710000000000e+00 8.974812520996e-05
-6.700000000000e+00 9.067657477075e-05
-6.690000000000e+00 9.161426528131e-05
-6.680000000000e+00 9.256128351389e-05
-6.670000000000e+00 9.351771695334e-05
-6.660000000000e+00 9.448365381381e-05
-6.650000000000e+00 9.545918308876e-05
-6.640000000000e+00 9.644439450394e-05
-6.630000000000e+00 9.743937853450e-05
-6.620000000000e+00 9.844422644217e-05
-6.610000000000e+00 9.945903023981e-05
-6.600000000000e+00 1.004838827081e-04
-6.590000000000e+00 1.015188774244e-04
-6.580000000000e+00 1.025641087349e-04
-6.570000000000e+00 1.036196717712e-04
-6.560000000000e+00 1.046856624733e-04
-6.550000000000e+00 1.057621775676e-04
-6.540000000000e+00 1.068493145824e-04
-6.530000000000e+00 1.079471718679e-04
-6.520000000000e+00 1.090558485772e-04
-6.510000000000e+00 1.101754446816e-04
-6.500000000000e+00 1.113060609890e-04
-6.490000000000e+00 1.124477991266e-04
-6.480000000000e+00 1.136007615547e-04
-6.470000000000e+00 1.147650515870e-04
-6.460000000000e+00 1.159407733718e-04
-6.450000000000e+00 1.171280319051e-04
-6.440000000000e+00 1.183269330541e-04
-6.430000000000e+00 1.195375835357e-04
-6.420000000000e+00 1.207600909282e-04
-6.410000000000e+00 1.219945637004e-04
-6.400000000000e+00 1.232411111856e-04
-6.390000000000e+00 1.244998435901e-04
-6.380000000000e+00 1.257708720333e-04
-6.370000000000e+00 1.270543085123e-04
-6.360000000000e+00 1.283502659073e-04
-6.350000000000e+00 1.296588580369e-04
-6.340000000000e+00 1.309801996101e-04
-6.330000000000e+00 1.323144062259e-04
-6.320000000000e+00 1.336615944510e-04
-6.310000000000e+00 1.350218817553e-04
-6.300000000000e+00 1.363953864993e-04
-6.290000000000e+00 1.377822280483e-04
-6.280000000000e+00 1.391825266648e-04
-6.270000000000e+00 1.405964035632e-04
-6.260000000000e+00 1.420239809070e-04
-6.250000000000e+00 1.434653818262e-04
-6.240000000000e+00 1.449207304034e-04
-6.230000000000e+00 1.463901516767e-04
-6.220000000000e+00 1.478737716818e-04
-6.210000000000e+00 1.493717174174e-04
-6.200000000000e+00 1.508841168370e-04
-6.190000000000e+00 1.524110989317e-04
-6.180000000000e+00 1.539527936505e-04
-6.170000000000e+00 1.555093319447e-04
-6.160000000000e+00 1.570808457667e-04
-6.150000000000e+00 1.586674680839e-04
-6.140000000000e+00 1.602693328689e-04
-6.130000000000e+00 1.618865750974e-04
-6.120000000000e+00 1.635193307970e-04
-6.110000000000e+00 1.651677370100e-04
-6.100000000000e+00 1.668319317681e-04
-6.090000000000e+00 1.685120542109e-04
-6.080000000000e+00 1.702082444750e-04
-6.070000000000e+00 1.719206437508e-04
-6.060000000000e+00 1.736493942675e-04
-6.050000000000e+00 1.753946393359e-04
-6.040000000000e+00 1.771565233176e-04
-6.030000000000e+00 1.789351915934e-04
-6.020000000000e+00 1.807307906888e-04
-6.010000000000e+00 1.825434681568e-04
-6.000000000000e+00 1.843733726381e-04
-5.990000000000e+00 1.862206538370e-04
-5.980000000000e+00 1.880854625812e-04
-5.970000000000e+00 1.899679507631e-04
-5.960000000000e+00 1.918682713760e-04
-5.950000000000e+00 1.937865785076e-04
-5.940000000000e+00 1.957230273643e-04
-5.930000000000e+00 1.976777742572e-04
-5.920000000000e+00 1.996509765659e-04
-5.910000000000e+00 2.016427928576e-04
-5.900000000000e+00 2.036533827756e-04
-5.890000000000e+00 2.056829070981e-04
-5.880000000000e+00 2.077315277029e-04
-5.870000000000e+00 2.097994076485e-04
-5.860000000000e+00 2.118867110948e-04
-5.850000000000e+00 2.139936033496e-04
-5.840000000000e+00 2.161202508425e-04
-5.830000000000e+00 2.182668211852e-04
-5.820000000000e+00 2.204334831116e-04
-5.810000000000e+00 2.226204065151e-04
-5.800000000000e+00 2.248277624276e-04
-5.790000000000e+00 2.270557230707e-04
-5.780000000000e+00 2.293044618032e-04
-5.770000000000e+00 2.315741531556e-04
-5.760000000000e+00 2.338649728078e-04
-5.750000000000e+00 2.361770976413e-04
-5.740000000000e+00 2.385107056855e-04
-5.730000000000e+00 2.408659761531e-04
-5.720000000000e+00 2.432430894116e-04
-5.710000000000e+00 2.456422270463e-04
-5.700000000000e+00 2.480635717964e-04
-5.690000000000e+00 2.505073075958e-04
-5.680000000000e+00 2.529736195311e-04
-5.670000000000e+00 2.554626939289e-04
-5.660000000000e+00 2.579747182705e-04
-5.650000000000e+00 2.605098812434e-04
-5.640000000000e+00 2.630683726748e-04
-5.630000000000e+00 2.656503836639e-04
-5.620000000000e+00 2.682561064580e-04
-5.610000000000e+00 2.708857345015e-04
-5.600000000000e+00 2.735394624411e-04
-5.590000000000e+00 2.762174861031e-04
-5.580000000000e+00 2.789200025400e-04
-5.570000000000e+00 2.816472099798e-04
-5.560000000000e+00 2.843993078619e-04
-5.550000000000e+00 2.871764967779e-04
-5.540000000000e+00 2.899789785855e-04
-5.530000000000e+00 2.928069562995e-04
-5.520000000000e+00 2.956606341327e-04
-5.510000000000e+00 2.985402175025e-04
-5.500000000000e+00 3.014459129963e-04
-5.490000000000e+00 3.043779284359e-04
-5.480000000000e+00 3.073364728094e-04
-5.470000000000e+00 3.103217562976e-04
-5.460000000000e+00 3.133339902776e-04
-5.450000000000e+00 3.163733872970e-04
-5.440000000000e+00 3.194401611181e-04
-5.430000000000e+00 3.225345266663e-04
-5.420000000000e+00 3.256567000702e-04
-5.410000000000e+00 3.288068985596e-04
-5.400000000000e+00 3.319853406481e-04
-5.390000000000e+00 3.351922459659e-04
-5.380000000000e+00 3.384278353132e-04
-5.370000000000e+00 3.416923306570e-04
-5.360000000000e+00 3.449859551330e-04
-5.350000000000e+00 3.483089330109e-04
-5.340000000000e+00 3.516614897497e-04
-5.330000000000e+00 3.550438519332e-04
-5.320000000000e+00 3.584562472895e-04
-5.310000000000e+00 3.618989046971e-04
-5.300000000000e+00 3.653720541244e-04
-5.290000000000e+00 3.688759267281e-04
-5.280000000000e+00 3.724107547514e-04
-5.270000000000e+00 3.759767715526e-04
-5.260000000000e+00 3.795742115984e-04
-5.250000000000e+00 3.832033104636e-04
-5.240000000000e+00 3.868643047908e-04
-5.230000000000e+00 3.905574323463e-04
-5.220000000000e+00 3.942829319507e-04
-5.210000000000e+00 3.980410434948e-04
-5.200000000000e+00 4.018320079523e-04
-5.190000000000e+00 4.056560672688e-04
-5.180000000000e+00 4.095134645382e-04
-5.170000000000e+00 4.134044438355e-04
-5.160000000000e+00 4.173292502583e-04
-5.150000000000e+00 4.212881299169e-04
-5.140000000000e+00 4.252813299232e-04
-5.130000000000e+00 4.293090983887e-04
-5.120000000000e+00 4.333716843665e-04
-5.110000000000e+00 4.374693379267e-04
-5.100000000000e+00 4.416023100654e-04
-5.090000000000e+00 4.457708527197e-04
-5.080000000000e+00 4.499752187540e-04
-5.070000000000e+00 4.542156619683e-04
-5.060000000000e+00 4.584924369825e-04
-5.050000000000e+00 4.628057994029e-04
-5.040000000000e+00 4.671560056575e-04
-5.030000000000e+00 4.715433130279e-04
-5.020000000000e+00 4.759679796334e-04
-5.010000000000e+00 4.804302644142e-04
-5.000000000000e+00 4.849304271145e-04
-4.990000000000e+00 4.894687282756e-04
-4.980000000000e+00 4.940454291647e-04
-4.970000000000e+00 4.986607918536e-04
-4.960000000000e+00 5.033150791164e-04
-4.950000000000e+00 5.080085544375e-04
-4.940000000000e+00 5.127414819907e-04
-4.930000000000e+00 5.175141266190e-04
-4.920000000000e+00 5.223267538124e-04
-4.910000000000e+00 5.271796296994e-04
-4.900000000000e+00 5.320730209624e-04
-4.890000000000e+00 5.370071949247e-04
-4.880000000000e+00 5.419824194358e-04
-4.870000000000e+00 5.469989628760e-04
-4.860000000000e+00 5.520570941308e-04
-4.850000000000e+00 5.571570825653e-04
-4.840000000000e+00 5.622991979972e-04
-4.830000000000e+00 5.674837106700e-04
-4.820000000000e+00 5.727108912423e-04
-4.810000000000e+00 5.779810106804e-04
-4.800000000000e+00 5.832943403651e-04
-4.790000000000e+00 5.886511519547e-04
-4.780000000000e+00 5.940517173859e-04
-4.770000000000e+00 5.994963088432e-04
-4.760000000000e+00 6.049851987258e-04
-4.750000000000e+00 6.105186596147e-04
-4.740000000000e+00 6.160969642387e-04
-4.730000000000e+00 6.217203854402e-04
-4.720000000000e+00 6.273891961386e-04
-4.710000000000e+00 6.331036693157e-04
-4.700000000000e+00 6.388640778861e-04
-4.690000000000e+00 6.446706948134e-04
-4.680000000000e+00 6.505237929546e-04
-4.670000000000e+00 6.564236450538e-04
-4.660000000000e+00 6.623705237015e-04
-4.650000000000e+00 6.683647012928e-04
-4.640000000000e+00 6.744064499850e-04
-4.630000000000e+00 6.804960416536e-04
-4.620000000000e+00 6.866337478482e-04
-4.610000000000e+00 6.928198397467e-04
-4.600000000000e+00 6.990545881087e-04
-4.590000000000e+00 7.053382632281e-04
-4.580000000000e+00 7.116711348845e-04
-4.570000000000e+00 7.180534722933e-04
-4.560000000000e+00 7.244855440849e-04
-4.550000000000e+00 7.309676181267e-04
-4.540000000000e+00 7.374999616723e-04
-4.530000000000e+00 7.440828411627e-04
-4.520000000000e+00 7.507165222099e-04
-4.510000000000e+00 7.574012695414e-04
-4.500000000000e+00 7.641373469418e-04
-4.490000000000e+00 7.709250171946e-04
-4.480000000000e+00 7.777645420222e-04
-4.470000000000e+00 7.846561820243e-04
-4.460000000000e+00 7.916001966161e-04
-4.450000000000e+00 7.985968439642e-04
-4.440000000000e+00 8.056463809217e-04
-4.430000000000e+00 8.127490629618e-04
-4.420000000000e+00 8.199051441101e-04
-4.410000000000e+00 8.271148768758e-04
-4.400000000000e+00 8.343785121809e-04
-4.390000000000e+00 8.416962992889e-04
-4.380000000000e+00 8.490684857309e-04
-4.370000000000e+00 8.564953172316e-04
-4.360000000000e+00 8.639770376324e-04
-4.350000000000e+00 8.715138888145e-04
-4.340000000000e+00 8.791061106190e-04
-4.330000000000e+00 8.867539407666e-04
-4.320000000000e+00 8.944576147754e-04
-4.310000000000e+00 9.022173658763e-04
-4.300000000000e+00 9.100334249285e-04
-4.290000000000e+00 9.179060203314e-04
-4.280000000000e+00 9.258353779365e-04
-4.270000000000e+00 9.338217209563e-04
-4.260000000000e+00 9.418652698726e-04
-4.250000000000e+00 9.499662423420e-04
-4.240000000000e+00 9.581248531006e-04
-4.230000000000e+00 9.663413138661e-04
-4.220000000000e+00 9.746158332383e-04
-4.210000000000e+00 9.829486165985e-04
-4.200000000000e+00 9.913398660055e-04
-4.190000000000e+00 9.997897800911e-04
-4.180000000000e+00 1.008298553953e-03
-4.170000000000e+00 1.016866379046e-03
-4.160000000000e+00 1.025493443070e-03
-4.150000000000e+00 1.034179929858e-03
-4.140000000000e+00 1.042926019261e-03
-4.130000000000e+00 1.051731887031e-03
-4.120000000000e+00 1.060597704659e-03
-4.110000000000e+00 1.069523639406e-03
-4.100000000000e+00 1.078509853969e-03
-4.090000000000e+00 1.087556506487e-03
-4.080000000000e+00 1.096663750378e-03
-4.070000000000e+00 1.105831734214e-03
-4.060000000000e+00 1.115060601584e-03
-4.050000000000e+00 1.124350490962e-03
-4.040000000000e+00 1.133701535564e-03
-4.030000000000e+00 1.143113863216e-03
-4.020000000000e+00 1.152587596204e-03
-4.010000000000e+00 1.162122851133e-03
-4.000000000000e+00 1.171719738781e-03
-3.990000000000e+00 1.181378363941e-03
-3.980000000000e+00 1.191098825235e-03
-3.970000000000e+00 1.200881215099e-03
-3.960000000000e+00 1.210725619434e-03
-3.950000000000e+00 1.220632117560e-03
-3.940000000000e+00 1.230600782026e-03
-3.930000000000e+00 1.240631678443e-03
-3.920000000000e+00 1.250724865313e-03
-3.910000000000e+00 1.260880393861e-03
-3.900000000000e+00 1.271098307855e-03
-3.890000000000e+00 1.281378643430e-03
-3.880000000000e+00 1.291721428851e-03
-3.870000000000e+00 1.302126684508e-03
-3.860000000000e+00 1.312594422502e-03
-3.850000000000e+00 1.323124646584e-03
-3.840000000000e+00 1.333717351933e-03
-3.830000000000e+00 1.344372524956e-03
-3.820000000000e+00 1.355090143092e-03
-3.810000000000e+00 1.365870174602e-03
-3.800000000000e+00 1.376712578299e-03
-3.790000000000e+00 1.387617303545e-03
-3.780000000000e+00 1.398584289781e-03
-3.770000000000e+00 1.409613466449e-03
-3.760000000000e+00 1.420704752744e-03
-3.750000000000e+00 1.431858057384e-03
-3.740000000000e+00 1.443073278343e-03
-3.730000000000e+00 1.454350302730e-03
-3.720000000000e+00 1.465689006425e-03
-3.710000000000e+00 1.477089253904e-03
-3.700000000000e+00 1.488550897982e-03
-3.690000000000e+00 1.500073779562e-03
-3.680000000000e+00 1.511657727338e-03
-3.670000000000e+00 1.523302557657e-03
-3.660000000000e+00 1.535008074129e-03
-3.650000000000e+00 1.546774067425e-03
-3.640000000000e+00 1.558600314995e-03
-3.630000000000e+00 1.570486580762e-03
-3.620000000000e+00 1.582432614913e-03
-3.610000000000e+00 1.594438153547e-03
-3.600000000000e+00 1.606502918420e-03
-3.590000000000e+00 1.618626616646e-03
-3.580000000000e+00 1.630808940360e-03
-3.570000000000e+00 1.643049566499e-03
-3.560000000000e+00 1.655348156412e-03
-3.550000000000e+00 1.667704355593e-03
-3.540000000000e+00 1.680117793350e-03
-3.530000000000e+00 1.692588082418e-03
-3.520000000000e+00 1.705114818787e-03
-3.510000000000e+00 1.717697581213e-03
-3.500000000000e+00 1.730335930953e-03
-3.490000000000e+00 1.743029411361e-03
-3.480000000000e+00 1.755777547637e-03
-3.470000000000e+00 1.768579846377e-03
-3.460000000000e+00 1.781435795262e-03
-3.450000000000e+00 1.794344862625e-03
-3.440000000000e+00 1.807306497181e-03
-3.430000000000e+00 1.820320127558e-03
-3.420000000000e+00 1.833385161956e-03
-3.410000000000e+00 1.846500987682e-03
-3.400000000000e+00 1.859666970886e-03
-3.390000000000e+00 1.872882456031e-03
-3.380000000000e+00 1.886146765550e-03
-3.370000000000e+00 1.899459199297e-03
-3.360000000000e+00 1.912819034392e-03
-3.350000000000e+00 1.926225524524e-03
-3.340000000000e+00 1.939677899578e-03
-3.330000000000e+00 1.953175365289e-03
-3.320000000000e+00 1.966717102688e-03
-3.310000000000e+00 1.980302267644e-03
-3.300000000000e+00 1.993929990447e-03
-3.290000000000e+00 2.007599375301e-03
-3.280000000000e+00 2.021309499826e-03
-3.270000000000e+00 2.035059414587e-03
-3.260000000000e+00 2.048848142598e-03
-3.250000000000e+00 2.062674678789e-03
-3.240000000000e+00 2.076537989505e-03
-3.230000000000e+00 2.090437011991e-03
-3.220000000000e+00 2.104370653835e-03
-3.210000000000e+00 2.118337792437e-03
-3.200000000000e+00 2.132337274476e-03
-3.190000000000e+00 2.146367915309e-03
-3.180000000000e+00 2.160428498443e-03
-3.170000000000e+00 2.174517774954e-03
-3.160000000000e+00 2.188634462836e-03
-3.150000000000e+00 2.202777246517e-03
-3.140000000000e+00 2.216944776186e-03
-3.130000000000e+00 2.231135667083e-03
-3.120000000000e+00 2.245348499129e-03
-3.110000000000e+00 2.259581816026e-03
-3.100000000000e+00 2.273834124751e-03
-3.090000000000e+00 2.288103894895e-03
-3.080000000000e+00 2.302389557877e-03
-3.070000000000e+00 2.316689506489e-03
-3.060000000000e+00 2.331002093987e-03
-3.050000000000e+00 2.345325633515e-03
-3.040000000000e+00 2.359658397399e-03
-3.030000000000e+00 2.373998616249e-03
-3.020000000000e+00 2.388344478587e-03
-3.010000000000e+00 2.402694129693e-03
-3.000000000000e+00 2.417045671164e-03
-2.990000000000e+00 2.431397159952e-03
-2.980000000000e+00 2.445746607690e-03
-2.970000000000e+00 2.460091979861e-03
-2.960000000000e+00 2.474431194989e-03
-2.950000000000e+00 2.488762123857e-03
-2.940000000000e+00 2.503082588629e-03
-2.930000000000e+00 2.517390362096e-03
-2.920000000000e+00 2.531683166612e-03
-2.910000000000e+00 2.545958673617e-03
-2.900000000000e+00 2.560214502266e-03
-2.890000000000e+00 2.574448219028e-03
-2.880000000000e+00 2.588657336314e-03
-2.870000000000e+00 2.602839312016e-03
-2.860000000000e+00 2.616991548111e-03
-2.850000000000e+00 2.631111390170e-03
-2.840000000000e+00 2.645196126044e-03
-2.830000000000e+00 2.659242985087e-03
-2.820000000000e+00 2.673249137085e-03
-2.810000000000e+00 2.687211691315e-03
-2.800000000000e+00 2.701127695483e-03
-2.790000000000e+00 2.714994134734e-03
-2.780000000000e+00 2.728807930611e-03
-2.770000000000e+00 2.742565939956e-03
-2.760000000000e+00 2.756264953966e-03
-2.750000000000e+00 2.769901696893e-03
-2.740000000000e+00 2.783472825267e-03
-2.730000000000e+00 2.796974926506e-03
-2.720000000000e+00 2.810404517956e-03
-2.710000000000e+00 2.823758045740e-03
-2.700000000000e+00 2.837031883542e-03
-2.690000000000e+00 2.850222331624e-03
-2.680000000000e+00 2.863325615488e-03
-2.670000000000e+00 2.876337884804e-03
-2.660000000000e+00 2.889255212241e-03
-2.650000000000e+00 2.902073592120e-03
-2.640000000000e+00 2.914788939515e-03
-2.630000000000e+00 2.927397088763e-03
-2.620000000000e+00 2.939893792319e-03
-2.610000000000e+00 2.952274719681e-03
-2.600000000000e+00 2.964535455981e-03
-2.590000000000e+00 2.976671500798e-03
-2.580000000000e+00 2.988678267036e-03
-2.570000000000e+00 3.000551079549e-03
-2.560000000000e+00 3.012285173900e-03
-2.550000000000e+00 3.023875695288e-03
-2.540000000000e+00 3.035317697150e-03
-2.530000000000e+00 3.046606139850e-03
-2.520000000000e+00 3.057735889776e-03
-2.510000000000e+00 3.068701717785e-03
-2.500000000000e+00 3.079498298141e-03
-2.490000000000e+00 3.090120207224e-03
-2.480000000000e+00 3.100561922492e-03
-2.470000000000e+00 3.110817821133e-03
-2.460000000000e+00 3.120882178999e-03
-2.450000000000e+00 3.130749169379e-03
-2.440000000000e+00 3.140412862031e-03
-2.430000000000e+00 3.149867221940e-03
-2.420000000000e+00 3.159106108310e-03
-2.410000000000e+00 3.168123273543e-03
-2.400000000000e+00 3.176912362201e-03
-2.390000000000e+00 3.185466910122e-03
-2.380000000000e+00 3.193780343428e-03
-2.370000000000e+00 3.201845977694e-03
-2.360000000000e+00 3.209657017149e-03
-2.350000000000e+00 3.217206553839e-03
-2.340000000000e+00 3.224487567074e-03
-2.330000000000e+00 3.231492922673e-03
-2.320000000000e+00 3.238215372454e-03
-2.310000000000e+00 3.244647553754e-03
-2.300000000000e+00 3.250781989031e-03
-2.290000000000e+00 3.256611085592e-03
-2.280000000000e+00 3.262127135273e-03
-2.270000000000e+00 3.267322314524e-03
-2.260000000000e+00 3.272188684276e-03
-2.250000000000e+00 3.276718190111e-03
-2.240000000000e+00 3.280902662524e-03
-2.230000000000e+00 3.284733817311e-03
-2.220000000000e+00 3.288203256113e-03
-2.210000000000e+00 3.291302467102e-03
-2.200000000000e+00 3.294022825844e-03
-2.190000000000e+00 3.296355596322e-03
-2.180000000000e+00 3.298291932155e-03
-2.170000000000e+00 3.299822878007e-03
-2.160000000000e+00 3.300939371204e-03
-2.150000000000e+00 3.301632243568e-03
-2.140000000000e+00 3.301892223488e-03
-2.130000000000e+00 3.301709938228e-03
-2.120000000000e+00 3.301075916498e-03
-2.110000000000e+00 3.299980591295e-03
-2.100000000000e+00 3.298414303032e-03
-2.090000000000e+00 3.296367302969e-03
-2.080000000000e+00 3.293829756957e-03
-2.070000000000e+00 3.290791749526e-03
-2.060000000000e+00 3.287243288314e-03
-2.050000000000e+00 3.283174308871e-03
-2.040000000000e+00 3.278574679859e-03
-2.030000000000e+00 3.273434208640e-03
-2.020000000000e+00 3.267742647304e-03
-2.010000000000e+00 3.261489699150e-03
-2.000000000000e+00 3.254665025735e-03
-1.990000000000e+00 3.247258231864e-03
-1.980000000000e+00 3.239258760381e-03
-1.970000000000e+00 3.230656273844e-03
-1.960000000000e+00 3.221441448998e-03
-1.950000000000e+00 3.211606701987e-03
-1.940000000000e+00 3.201146814997e-03
-1.930000000000e+00 3.190059480989e-03
-1.920000000000e+00 3.178345738741e-03
-1.910000000000e+00 3.166010374331e-03
-1.900000000000e+00 3.153062227480e-03
-1.890000000000e+00 3.139514441967e-03
-1.880000000000e+00 3.125384663521e-03
-1.870000000000e+00 3.110695179380e-03
-1.860000000000e+00 3.095473018215e-03
-1.850000000000e+00 3.079749967221e-03
-1.840000000000e+00 3.063562577083e-03
-1.830000000000e+00 3.046952097369e-03
-1.820000000000e+00 3.029964335626e-03
-1.810000000000e+00 3.012649502456e-03
-1.800000000000e+00 2.995061964467e-03
-1.790000000000e+00 2.977259947641e-03
-1.780000000000e+00 2.959305183298e-03
-1.770000000000e+00 2.941262472913e-03
-1.760000000000e+00 2.923199208945e-03
-1.750000000000e+00 2.905184814841e-03
-1.740000000000e+00 2.887290131161e-03
-1.730000000000e+00 2.869586739619e-03
-1.720000000000e+00 2.852146233511e-03
-1.710000000000e+00 2.835039441555e-03
-1.700000000000e+00 2.818335610760e-03
-1.690000000000e+00 2.802101565563e-03
-1.680000000000e+00 2.786400839392e-03
-1.670000000000e+00 2.771292822628e-03
-1.660000000000e+00 2.756831897410e-03
-1.650000000000e+00 2.743066621269e-03
-1.640000000000e+00 2.730038943856e-03
-1.630000000000e+00 2.717783478557e-03
-1.620000000000e+00 2.706326881040e-03
-1.610000000000e+00 2.695687281127e-03
-1.600000000000e+00 2.685873845764e-03
-1.590000000000e+00 2.676886483828e-03
-1.580000000000e+00 2.668715643714e-03
-1.570000000000e+00 2.661342290875e-03
-1.560000000000e+00 2.654738013995e-03
-1.550000000000e+00 2.648865282889e-03
-1.540000000000e+00 2.643677816294e-03
-1.530000000000e+00 2.639121079170e-03
-1.520000000000e+00 2.635132877060e-03
-1.510000000000e+00 2.631644033302e-03
-1.500000000000e+00 2.628579146124e-03
-1.490000000000e+00 2.625857389223e-03
-1.480000000000e+00 2.623393358133e-03
-1.470000000000e+00 2.621097936884e-03
-1.460000000000e+00 2.618879171944e-03
-1.450000000000e+00 2.616643139088e-03
-1.440000000000e+00 2.614294790085e-03
-1.430000000000e+00 2.611738767474e-03
-1.420000000000e+00 2.608880177377e-03
-1.410000000000e+00 2.605625311941e-03
-1.400000000000e+00 2.601882314884e-03
-1.390000000000e+00 2.597561785361e-03
-1.380000000000e+00 2.592577317165e-03
-1.370000000000e+00 2.586845971972e-03
-1.360000000000e+00 2.580288689570e-03
-1.350000000000e+00 2.572830623784e-03
-1.340000000000e+00 2.564401433769e-03
-1.330000000000e+00 2.554935504214e-03
-1.320000000000e+00 2.544372120893e-03
-1.310000000000e+00 2.532655592643e-03
-1.300000000000e+00 2.519735338879e-03
-1.290000000000e+00 2.505565938400e-03
-1.280000000000e+00 2.490107148530e-03
-1.270000000000e+00 2.473323902974e-03
-1.260000000000e+00 2.455186294610e-03
-1.250000000000e+00 2.435669541021e-03
-1.240000000000e+00 2.414753952893e-03
-1.230000000000e+00 2.392424894451e-03
-1.220000000000e+00 2.368672752555e-03
-1.210000000000e+00 2.343492910056e-03
-1.200000000000e+00 2.316885734284e-03
-1.190000000000e+00 2.288856574127e-03
-1.180000000000e+00 2.259415777733e-03
-1.170000000000e+00 2.228578715796e-03
-1.160000000000e+00 2.196365808867e-03
-1.150000000000e+00 2.162802556536e-03
-1.140000000000e+00 2.127919565632e-03
-1.130000000000e+00 2.091752571590e-03
-1.120000000000e+00 2.054342457848e-03
-1.110000000000e+00 2.015735261448e-03
-1.100000000000e+00 1.975982165022e-03
-1.090000000000e+00 1.935139469748e-03
-1.080000000000e+00 1.893268544559e-03
-1.070000000000e+00 1.850435746838e-03
-1.060000000000e+00 1.806712309723e-03
-1.050000000000e+00 1.762174191309e-03
-1.040000000000e+00 1.716901881255e-03
-1.030000000000e+00 1.670980160730e-03
-1.020000000000e+00 1.624497812405e-03
-1.010000000000e+00 1.577547276879e-03
-1.000000000000e+00 1.530224255151e-03
-9.900000000002e-01 1.482627254932e-03
-9.800000000002e-01 1.434857082809e-03
-9.700000000002e-01 1.387016281248e-03
-9.600000000002e-01 1.339208518665e-03
-9.500000000002e-01 1.291537932087e-03
-9.400000000002e-01 1.244108433136e-03
-9.300000000002e-01 1.197022982815e-03
-9.200000000002e-01 1.150382846300e-03
-9.100000000002e-01 1.104286837564e-03
-9.000000000002e-01 1.058830566491e-03
-8.900000000002e-01 1.014105700761e-03
-8.800000000002e-01 9.701992560825e-04
-8.700000000002e-01 9.271929278618e-04
-8.600000000002e-01 8.851624772682e-04
-8.500000000002e-01 8.441771837952e-04
-8.400000000002e-01 8.042993752054e-04
-8.300000000002e-01 7.655840441194e-04
-8.200000000002e-01 7.280785585470e-04
-8.100000000002e-01 6.918224712004e-04
-8.000000000002e-01 6.568474308183e-04
-7.900000000002e-01 6.231771948619e-04
-7.800000000002e-01 5.908277422634e-04
-7.700000000002e-01 5.598074892760e-04
-7.600000000002e-01 5.301176009808e-04
-7.500000000002e-01 5.017523903867e-04
-7.400000000002e-01 4.746997883367e-04
-7.300000000002e-01 4.489418695832e-04
-7.200000000002e-01 4.244554203444e-04
-7.100000000002e-01 4.012125323075e-04
-7.000000000002e-01 3.791812094292e-04
-6.900000000002e-01 3.583259749041e-04
-6.800000000002e-01 3.386084670512e-04
-6.700000000002e-01 3.199880145859e-04
-6.600000000002e-01 3.024221832171e-04
-6.500000000002e-01 2.858672871043e-04
-6.400000000002e-01 2.702788610749e-04
-6.300000000002e-01 2.556120894482e-04
-6.200000000002e-01 2.418221906015e-04
-6.100000000002e-01 2.288647561695e-04
-6.000000000002e-01 2.166960455180e-04
-5.900000000002e-01 2.052732368292e-04
-5.800000000002e-01 1.945546368363e-04
-5.700000000002e-01 1.844998517894e-04
-5.600000000002e-01 1.750699225959e-04
-5.500000000002e-01 1.662274273276e-04
-5.400000000002e-01 1.579365544001e-04
-5.300000000002e-01 1.501631497501e-04
-5.200000000002e-01 1.428747412733e-04
-5.100000000002e-01 1.360405436551e-04
-5.000000000002e-01 1.296314465684e-04
-4.900000000002e-01 1.236199889439e-04
-4.800000000002e-01 1.179803219012e-04
-4.700000000002e-01 1.126881625458e-04
-4.600000000002e-01 1.077207407039e-04
-4.500000000002e-01 1.030567403718e-04
-4.400000000002e-01 9.867623743286e-05
-4.300000000002e-01 9.456063498813e-05
-4.200000000002e-01 9.069259743700e-05
-4.100000000002e-01 8.705598423227e-05
-4.000000000002e-01 8.363578413904e-05
-3.900000000002e-01 8.041805057445e-05
-3.800000000002e-01 7.738983846094e-05
-3.700000000002e-01 7.453914252225e-05
-3.600000000002e-01 7.185483707197e-05
-3.500000000002e-01 6.932661775251e-05
-3.400000000002e-01 6.694494563403e-05
-3.300000000002e-01 6.470099395253e-05
-3.200000000002e-01 6.258659764924e-05
-3.100000000002e-01 6.059420580268e-05
-3.000000000002e-01 5.871683696728e-05
-2.900000000002e-01 5.694803738625e-05
-2.800000000002e-01 5.528184201382e-05
-2.700000000002e-01 5.371273824654e-05
-2.600000000002e-01 5.223563225760e-05
-2.500000000002e-01 5.084581780073e-05
-2.400000000002e-01 4.953894736030e-05
-2.300000000002e-01 4.831100550823e-05
-2.200000000002e-01 4.715828433747e-05
-2.100000000002e-01 4.607736084141e-05
-2.000000000002e-01 4.506507611344e-05
-1.900000000002e-01 4.411851624811e-05
-1.800000000002e-01 4.323499483076e-05
-1.700000000002e-01 4.241203691108e-05
-1.600000000002e-01 4.164736436304e-05
-1.500000000002e-01 4.093888254256e-05
-1.400000000002e-01 4.028466816164e-05
-1.300000000002e-01 3.968295830660e-05
-1.200000000002e-01 3.913214053607e-05
-1.100000000002e-01 3.863074400284e-05
-1.000000000002e-01 3.817743155199e-05
-9.000000000017e-02 3.777099275647e-05
-8.000000000017e-02 3.741033785973e-05
-7.000000000017e-02 3.709449260395e-05
-6.000000000017e-02 3.682259393200e-05
-5.000000000017e-02 3.659388656049e-05
-4.000000000017e-02 3.640772043205e-05
-3.000000000017e-02 3.626354906590e-05
-2.000000000017e-02 3.616092883793e-05
-1.000000000017e-02 3.609951923505e-05
-1.688892081741e-13 3.607908413902e-05
9.999999999831e-03 3.609951923505e-05
1.999999999983e-02 3.616092883792e-05
2.999999999983e-02 3.626354906589e-05
3.999999999983e-02 3.640772043204e-05
4.999999999983e-02 3.659388656048e-05
5.999999999983e-02 3.682259393199e-05
6.999999999983e-02 3.709449260394e-05
7.999999999983e-02 3.741033785971e-05
8.999999999983e-02 3.777099275646e-05
9.999999999983e-02 3.817743155197e-05
1.099999999998e-01 3.863074400283e-05
1.199999999998e-01 3.913214053606e-05
1.299999999998e-01 3.968295830658e-05
1.399999999998e-01 4.028466816162e-05
1.499999999998e-01 4.093888254254e-05
1.599999999998e-01 4.164736436302e-05
1.699999999998e-01 4.241203691105e-05
1.799999999998e-01 4.323499483073e-05
1.899999999998e-01 4.411851624808e-05
1.999999999998e-01 4.506507611341e-05
2.099999999998e-01 4.607736084137e-05
2.199999999998e-01 4.715828433743e-05
2.299999999998e-01 4.831100550819e-05
2.399999999998e-01 4.953894736026e-05
2.499999999998e-01 5.084581780069e-05
2.599999999998e-01 5.223563225755e-05
2.699999999998e-01 5.371273824649e-05
2.799999999998e-01 5.528184201376e-05
2.899999999998e-01 5.694803738619e-05
2.999999999998e-01 5.871683696722e-05
3.099999999998e-01 6.059420580262e-05
3.199999999998e-01 6.258659764917e-05
3.299999999998e-01 6.470099395246e-05
3.399999999998e-01 6.694494563395e-05
3.499999999998e-01 6.932661775243e-05
3.599999999998e-01 7.185483707188e-05
3.699999999998e-01 7.453914252216e-05
3.799999999998e-01 7.738983846084e-05
3.899999999998e-01 8.041805057434e-05
3.999999999998e-01 8.363578413893e-05
4.099999999998e-01 8.705598423215e-05
4.199999999998e-01 9.069259743687e-05
4.299999999998e-01 9.456063498799e-05
4.399999999998e-01 9.867623743271e-05
4.499999999998e-01 1.030567403716e-04
4.599999999998e-01 1.077207407037e-04
4.699999999998e-01 1.126881625456e-04
4.799999999998e-01 1.179803219010e-04
4.899999999998e-01 1.236199889437e-04
4.999999999998e-01 1.296314465682e-04
5.099999999998e-01 1.360405436549e-04
5.199999999998e-01 1.428747412731e-04
5.299999999998e-01 1.501631497499e-04
5.399999999998e-01 1.579365543999e-04
5.499999999998e-01 1.662274273273e-04
5.599999999998e-01 1.750699225956e-04
5.699999999998e-01 1.844998517890e-04
5.799999999998e-01 1.945546368359e-04
5.899999999998e-01 2.052732368288e-04
5.999999999998e-01 2.166960455176e-04
6.099999999998e-01 2.288647561690e-04
6.199999999998e-01 2.418221906011e-04
6.299999999998e-01 2.556120894477e-04
6.399999999998e-01 2.702788610744e-04
6.499999999998e-01 2.858672871038e-04
6.599999999998e-01 3.024221832165e-04
6.699999999998e-01 3.199880145852e-04
6.799999999998e-01 3.386084670506e-04
6.899999999998e-01 3.583259749034e-04
6.999999999998e-01 3.791812094285e-04
7.099999999998e-01 4.012125323068e-04
7.199999999998e-01 4.244554203436e-04
7.299999999998e-01 4.489418695823e-04
7.399999999998e-01 4.746997883358e-04
7.499999999998e-01 5.017523903858e-04
7.599999999998e-01 5.301176009798e-04
7.699999999998e-01 5.598074892749e-04
7.799999999998e-01 5.908277422624e-04
7.899999999998e-01 6.231771948608e-04
7.999999999998e-01 6.568474308171e-04
8.099999999998e-01 6.918224711992e-04
8.199999999998e-01 7.280785585457e-04
8.299999999998e-01 7.655840441182e-04
8.399999999998e-01 8.042993752040e-04
8.499999999998e-01 8.441771837938e-04
8.599999999998e-01 8.851624772668e-04
8.699999999998e-01 9.271929278604e-04
8.799999999998e-01 9.701992560811e-04
8.899999999998e-01 1.014105700760e-03
8.999999999998e-01 1.058830566489e-03
9.099999999998e-01 1.104286837562e-03
9.199999999998e-01 1.150382846298e-03
9.299999999998e-01 1.197022982813e-03
9.399999999998e-01 1.244108433134e-03
9.499999999998e-01 1.291537932085e-03
9.599999999998e-01 1.339208518663e-03
9.699999999998e-01 1.387016281246e-03
9.799999999998e-01 1.434857082807e-03
9.899999999998e-01 1.482627254930e-03
9.999999999998e-01 1.530224255149e-03
1.010000000000e+00 1.577547276877e-03
1.020000000000e+00 1.624497812404e-03
1.030000000000e+00 1.670980160728e-03
1.040000000000e+00 1.716901881253e-03
1.050000000000e+00 1.762174191307e-03
1.060000000000e+00 1.806712309722e-03
1.070000000000e+00 1.850435746836e-03
1.080000000000e+00 1.893268544557e-03
1.090000000000e+00 1.935139469746e-03
1.100000000000e+00 1.975982165021e-03
1.110000000000e+00 2.015735261446e-03
1.120000000000e+00 2.054342457847e-03
1.130000000000e+00 2.091752571589e-03
1.140000000000e+00 2.127919565631e-03
1.150000000000e+00 2.162802556535e-03
1.160000000000e+00 2.196365808865e-03
1.170000000000e+00 2.228578715795e-03
1.180000000000e+00 2.259415777732e-03
1.190000000000e+00 2.288856574126e-03
1.200000000000e+00 2.316885734283e-03
1.210000000000e+00 2.343492910055e-03
1.220000000000e+00 2.368672752554e-03
1.230000000000e+00 2.392424894450e-03
1.240000000000e+00 2.414753952893e-03
1.250000000000e+00 2.435669541021e-03
1.260000000000e+00 2.455186294609e-03
1.270000000000e+00 2.473323902973e-03
1.280000000000e+00 2.490107148530e-03
1.290000000000e+00 2.505565938400e-03
1.300000000000e+00 2.519735338879e-03
1.310000000000e+00 2.532655592642e-03
1.320000000000e+00 2.544372120893e-03
1.330000000000e+00 2.554935504214e-03
1.340000000000e+00 2.564401433769e-03
1.350000000000e+00 2.572830623783e-03
1.360000000000e+00 2.580288689570e-03
1.370000000000e+00 2.586845971972e-03
1.380000000000e+00 2.592577317164e-03
1.390000000000e+00 2.597561785361e-03
1.400000000000e+00 2.601882314884e-03
1.410000000000e+00 2.605625311941e-03
1.420000000000e+00 2.608880177377e-03
1.430000000000e+00 2.611738767474e-03
1.440000000000e+00 2.614294790084e-03
1.450000000000e+00 2.616643139088e-03
1.460000000000e+00 2.618879171944e-03
1.470000000000e+00 2.621097936884e-03
1.480000000000e+00 2.623393358132e-03
1.490000000000e+00 2.625857389223e-03
1.500000000000e+00 2.628579146124e-03
1.510000000000e+00 2.631644033302e-03
1.520000000000e+00 2.635132877060e-03
1.530000000000e+00 2.639121079170e-03
1.540000000000e+00 2.643677816294e-03
1.550000000000e+00 2.648865282889e-03
1.560000000000e+00 2.654738013995e-03
1.570000000000e+00 2.661342290875e-03
1.580000000000e+00 2.668715643714e-03
1.590000000000e+00 2.676886483828e-03
1.600000000000e+00 2.685873845764e-03
1.610000000000e+00 2.695687281127e-03
1.620000000000e+00 2.706326881040e-03
1.630000000000e+00 2.717783478557e-03
1.640000000000e+00 2.730038943855e-03
1.650000000000e+00 2.743066621269e-03
1.660000000000e+00 2.756831897409e-03
1.670000000000e+00 2.771292822628e-03
1.680000000000e+00 2.786400839391e-03
1.690000000000e+00 2.802101565563e-03
1.700000000000e+00 2.818335610760e-03
1.710000000000e+00 2.835039441555e-03
1.720000000000e+00 2.852146233511e-03
1.730000000000e+00 2.869586739618e-03
1.740000000000e+00 2.887290131161e-03
1.750000000000e+00 2.905184814840e-03
1.760000000000e+00 2.923199208944e-03
1.770000000000e+00 2.941262472913e-03
1.780000000000e+00 2.959305183297e-03
1.790000000000e+00 2.977259947640e-03
1.800000000000e+00 2.995061964467e-03
1.810000000000e+00 3.012649502456e-03
1.820000000000e+00 3.029964335625e-03
1.830000000000e+00 3.046952097368e-03
1.840000000000e+00 3.063562577083e-03
1.850000000000e+00 3.079749967220e-03
1.860000000000e+00 3.095473018215e-03
1.870000000000e+00 3.110695179380e-03
1.880000000000e+00 3.125384663521e-03
1.890000000000e+00 3.139514441967e-03
1.900000000000e+00 3.153062227479e-03
1.910000000000e+00 3.166010374330e-03
1.920000000000e+00 3.178345738740e-03
1.930000000000e+00 3.190059480989e-03
1.940000000000e+00 3.201146814997e-03
1.950000000000e+00 3.211606701986e-03
1.960000000000e+00 3.221441448998e-03
1.970000000000e+00 3.230656273844e-03
1.980000000000e+00 3.239258760381e-03
1.990000000000e+00 3.247258231864e-03
2.000000000000e+00 3.254665025734e-03
2.010000000000e+00 3.261489699150e-03
2.020000000000e+00 3.267742647303e-03
2.030000000000e+00 3.273434208639e-03
2.040000000000e+00 3.278574679859e-03
2.050000000000e+00 3.283174308871e-03
2.060000000000e+00 3.287243288314e-03
2.070000000000e+00 3.290791749526e-03
2.080000000000e+00 3.293829756957e-03
2.090000000000e+00 3.296367302969e-03
2.100000000000e+00 3.298414303032e-03
2.110000000000e+00 3.299980591295e-03
2.120000000000e+00 3.301075916498e-03
2.130000000000e+00 3.301709938228e-03
2.140000000000e+00 3.301892223488e-03
2.150000000000e+00 3.301632243568e-03
2.160000000000e+00 3.300939371204e-03
2.170000000000e+00 3.299822878007e-03
2.180000000000e+00 3.298291932155e-03
2.190000000000e+00 3.296355596322e-03
2.200000000000e+00 3.294022825844e-03
2.210000000000e+00 3.291302467103e-03
2.220000000000e+00 3.288203256113e-03
2.230000000000e+00 3.284733817311e-03
2.240000000000e+00 3.280902662524e-03
2.250000000000e+00 3.276718190111e-03
2.260000000000e+00 3.272188684276e-03
2.270000000000e+00 3.267322314525e-03
2.280000000000e+00 3.262127135273e-03
2.290000000000e+00 3.256611085592e-03
2.300000000000e+00 3.250781989031e-03
2.310000000000e+00 3.244647553754e-03
2.320000000000e+00 3.238215372455e-03
2.330000000000e+00 3.231492922673e-03
2.340000000000e+00 3.224487567074e-03
2.350000000000e+00 3.217206553839e-03
2.360000000000e+00 3.209657017149e-03
2.370000000000e+00 3.201845977694e-03
2.380000000000e+00 3.193780343428e-03
2.390000000000e+00 3.185466910122e-03
2.400000000000e+00 3.176912362201e-03
2.410000000000e+00 3.168123273543e-03
2.420000000000e+00 3.159106108311e-03
2.430000000000e+00 3.149867221941e-03
2.440000000000e+00 3.140412862032e-03
2.450000000000e+00 3.130749169379e-03
2.460000000000e+00 3.120882178999e-03
2.470000000000e+00 3.110817821134e-03
2.480000000000e+00 3.100561922492e-03
2.490000000000e+00 3.090120207224e-03
2.500000000000e+00 3.079498298141e-03
2.510000000000e+00 3.068701717786e-03
2.520000000000e+00 3.057735889776e-03
2.530000000000e+00 3.046606139851e-03
2.540000000000e+00 3.035317697150e-03
2.550000000000e+00 3.023875695289e-03
2.560000000000e+00 3.012285173900e-03
2.570000000000e+00 3.000551079549e-03
2.580000000000e+00 2.988678267036e-03
2.590000000000e+00 2.976671500798e-03
2.600000000000e+00 2.964535455982e-03
2.610000000000e+00 2.952274719682e-03
2.620000000000e+00 2.939893792320e-03
2.630000000000e+00 2.927397088763e-03
2.640000000000e+00 2.914788939516e-03
2.650000000000e+00 2.902073592121e-03
2.660000000000e+00 2.889255212242e-03
2.670000000000e+00 2.876337884804e-03
2.680000000000e+00 2.863325615488e-03
2.690000000000e+00 2.850222331625e-03
2.700000000000e+00 2.837031883542e-03
2.710000000000e+00 2.823758045741e-03
2.720000000000e+00 2.810404517956e-03
2.730000000000e+00 2.796974926507e-03
2.740000000000e+00 2.783472825268e-03
2.750000000000e+00 2.769901696894e-03
2.760000000000e+00 2.756264953966e-03
2.770000000000e+00 2.742565939957e-03
2.780000000000e+00 2.728807930612e-03
2.790000000000e+00 2.714994134735e-03
2.800000000000e+00 2.701127695483e-03
2.810000000000e+00 2.687211691315e-03
2.820000000000e+00 2.673249137086e-03
2.830000000000e+00 2.659242985088e-03
2.840000000000e+00 2.645196126045e-03
2.850000000000e+00 2.631111390171e-03
2.860000000000e+00 2.616991548111e-03
2.870000000000e+00 2.602839312016e-03
2.880000000000e+00 2.588657336314e-03
2.890000000000e+00 2.574448219029e-03
2.900000000000e+00 2.560214502266e-03
2.910000000000e+00 2.545958673618e-03
2.920000000000e+00 2.531683166612e-03
2.930000000000e+00 2.517390362096e-03
2.940000000000e+00 2.503082588629e-03
2.950000000000e+00 2.488762123858e-03
2.960000000000e+00 2.474431194990e-03
2.970000000000e+00 2.460091979861e-03
2.980000000000e+00 2.445746607691e-03
2.990000000000e+00 2.431397159952e-03
3.000000000000e+00 2.417045671164e-03
3.010000000000e+00 2.402694129694e-03
3.020000000000e+00 2.388344478587e-03
3.030000000000e+00 2.373998616249e-03
3.040000000000e+00 2.359658397400e-03
3.050000000000e+00 2.345325633516e-03
3.060000000000e+00 2.331002093987e-03
3.070000000000e+00 2.316689506490e-03
3.080000000000e+00 2.302389557877e-03
3.090000000000e+00 2.288103894895e-03
3.100000000000e+00 2.273834124751e-03
3.110000000000e+00 2.259581816026e-03
3.120000000000e+00 2.245348499130e-03
3.130000000000e+00 2.231135667083e-03
3.140000000000e+00 2.216944776186e-03
3.150000000000e+00 2.202777246518e-03
3.160000000000e+00 2.188634462837e-03
3.170000000000e+00 2.174517774954e-03
3.180000000000e+00 2.160428498444e-03
3.190000000000e+00 2.146367915310e-03
3.200000000000e+00 2.132337274477e-03
3.210000000000e+00 2.118337792437e-03
3.220000000000e+00 2.104370653835e-03
3.230000000000e+00 2.090437011992e-03
3.240000000000e+00 2.076537989505e-03
3.250000000000e+00 2.062674678789e-03
3.260000000000e+00 2.048848142598e-03
3.270000000000e+00 2.035059414588e-03
3.280000000000e+00 2.021309499826e-03
3.290000000000e+00 2.007599375301e-03
3.300000000000e+00 1.993929990448e-03
3.310000000000e+00 1.980302267644e-03
3.320000000000e+00 1.966717102688e-03
3.330000000000e+00 1.953175365290e-03
3.340000000000e+00 1.939677899578e-03
3.350000000000e+00 1.926225524524e-03
3.360000000000e+00 1.912819034393e-03
3.370000000000e+00 1.899459199298e-03
3.380000000000e+00 1.886146765550e-03
3.390000000000e+00 1.872882456032e-03
3.400000000000e+00 1.859666970886e-03
3.410000000000e+00 1.846500987683e-03
3.420000000000e+00 1.833385161957e-03
3.430000000000e+00 1.820320127558e-03
3.440000000000e+00 1.807306497181e-03
3.450000000000e+00 1.794344862626e-03
3.460000000000e+00 1.781435795262e-03
3.470000000000e+00 1.768579846378e-03
3.480000000000e+00 1.755777547637e-03
3.490000000000e+00 1.743029411361e-03
3.500000000000e+00 1.730335930953e-03
3.510000000000e+00 1.717697581213e-03
3.520000000000e+00 1.705114818788e-03
3.530000000000e+00 1.692588082418e-03
3.540000000000e+00 1.680117793350e-03
3.550000000000e+00 1.667704355594e-03
3.560000000000e+00 1.655348156413e-03
3.570000000000e+00 1.643049566499e-03
3.580000000000e+00 1.630808940361e-03
3.590000000000e+00 1.618626616647e-03
3.600000000000e+00 1.606502918421e-03
3.610000000000e+00 1.594438153547e-03
3.620000000000e+00 1.582432614913e-03
3.630000000000e+00 1.570486580762e-03
3.640000000000e+00 1.558600314996e-03
3.650000000000e+00 1.546774067426e-03
3.660000000000e+00 1.535008074130e-03
3.670000000000e+00 1.523302557658e-03
3.680000000000e+00 1.511657727338e-03
3.690000000000e+00 1.500073779563e-03
3.700000000000e+00 1.488550897982e-03
3.710000000000e+00 1.477089253904e-03
3.720000000000e+00 1.465689006425e-03
3.730000000000e+00 1.454350302731e-03
3.740000000000e+00 1.443073278343e-03
3.750000000000e+00 1.431858057385e-03
3.760000000000e+00 1.420704752744e-03
3.770000000000e+00 1.409613466449e-03
3.780000000000e+00 1.398584289781e-03
3.790000000000e+00 1.387617303545e-03
3.800000000000e+00 1.376712578299e-03
3.810000000000e+00 1.365870174603e-03
3.820000000000e+00 1.355090143092e-03
3.830000000000e+00 1.344372524957e-03
3.840000000000e+00 1.333717351933e-03
3.850000000000e+00 1.323124646584e-03
3.860000000000e+00 1.312594422502e-03
3.870000000000e+00 1.302126684508e-03
3.880000000000e+00 1.291721428851e-03
3.890000000000e+00 1.281378643430e-03
3.900000000000e+00 1.271098307855e-03
3.910000000000e+00 1.260880393862e-03
3.920000000000e+00 1.250724865314e-03
3.930000000000e+00 1.240631678443e-03
3.940000000000e+00 1.230600782027e-03
3.950000000000e+00 1.220632117560e-03
3.960000000000e+00 1.210725619434e-03
3.970000000000e+00 1.200881215099e-03
3.980000000000e+00 1.191098825235e-03
3.990000000000e+00 1.181378363941e-03
4.000000000000e+00 1.171719738781e-03
4.010000000000e+00 1.162122851134e-03
4.020000000000e+00 1.152587596204e-03
4.030000000000e+00 1.143113863216e-03
4.040000000000e+00 1.133701535564e-03
4.050000000000e+00 1.124350490962e-03
4.060000000000e+00 1.115060601585e-03
4.070000000000e+00 1.105831734214e-03
4.080000000000e+00 1.096663750378e-03
4.090000000000e+00 1.087556506487e-03
4.100000000000e+00 1.078509853969e-03
4.110000000000e+00 1.069523639406e-03
4.120000000000e+00 1.060597704659e-03
4.130000000000e+00 1.051731887031e-03
4.140000000000e+00 1.042926019261e-03
4.150000000000e+00 1.034179929858e-03
4.160000000000e+00 1.025493443070e-03
4.170000000000e+00 1.016866379046e-03
4.180000000000e+00 1.008298553953e-03
4.190000000000e+00 9.997897800914e-04
4.200000000000e+00 9.913398660058e-04
4.210000000000e+00 9.829486165988e-04
4.220000000000e+00 9.746158332386e-04
4.230000000000e+00 9.663413138663e-04
4.240000000000e+00 9.581248531009e-04
4.250000000000e+00 9.499662423423e-04
4.260000000000e+00 9.418652698729e-04
4.270000000000e+00 9.338217209566e-04
4.280000000000e+00 9.258353779367e-04
4.290000000000e+00 9.179060203317e-04
4.300000000000e+00 9.100334249287e-04
4.310000000000e+00 9.022173658766e-04
4.320000000000e+00 8.944576147756e-04
4.330000000000e+00 8.867539407669e-04
4.340000000000e+00 8.791061106192e-04
4.350000000000e+00 8.715138888147e-04
4.360000000000e+00 8.639770376327e-04
4.370000000000e+00 8.564953172318e-04
4.380000000000e+00 8.490684857312e-04
4.390000000000e+00 8.416962992891e-04
4.400000000000e+00 8.343785121812e-04
4.410000000000e+00 8.271148768760e-04
4.420000000000e+00 8.199051441104e-04
4.430000000000e+00 8.127490629620e-04
4.440000000000e+00 8.056463809220e-04
4.450000000000e+00 7.985968439645e-04
4.460000000000e+00 7.916001966163e-04
4.470000000000e+00 7.846561820245e-04
4.480000000000e+00 7.777645420224e-04
4.490000000000e+00 7.709250171949e-04
4.500000000000e+00 7.641373469421e-04
4.510000000000e+00 7.574012695416e-04
4.520000000000e+00 7.507165222102e-04
4.530000000000e+00 7.440828411629e-04
4.540000000000e+00 7.374999616726e-04
4.550000000000e+00 7.309676181270e-04
4.560000000000e+00 7.244855440852e-04
4.570000000000e+00 7.180534722936e-04
4.580000000000e+00 7.116711348847e-04
4.590000000000e+00 7.053382632284e-04
4.600000000000e+00 6.990545881089e-04
4.610000000000e+00 6.928198397469e-04
4.620000000000e+00 6.866337478484e-04
4.630000000000e+00 6.804960416538e-04
4.640000000000e+00 6.744064499852e-04
4.650000000000e+00 6.683647012930e-04
4.660000000000e+00 6.623705237017e-04
4.670000000000e+00 6.564236450540e-04
4.680000000000e+00 6.505237929548e-04
4.690000000000e+00 6.446706948136e-04
4.700000000000e+00 6.388640778863e-04
4.710000000000e+00 6.331036693159e-04
4.720000000000e+00 6.273891961388e-04
4.730000000000e+00 6.217203854403e-04
4.740000000000e+00 6.160969642389e-04
4.750000000000e+00 6.105186596148e-04
4.760000000000e+00 6.049851987260e-04
4.770000000000e+00 5.994963088434e-04
4.780000000000e+00 5.940517173861e-04
4.790000000000e+00 5.886511519549e-04
4.800000000000e+00 5.832943403653e-04
4.810000000000e+00 5.779810106806e-04
4.820000000000e+00 5.727108912425e-04
4.830000000000e+00 5.674837106702e-04
4.840000000000e+00 5.622991979973e-04
4.850000000000e+00 5.571570825654e-04
4.860000000000e+00 5.520570941310e-04
4.870000000000e+00 5.469989628762e-04
4.880000000000e+00 5.419824194360e-04
4.890000000000e+00 5.370071949248e-04
4.900000000000e+00 5.320730209625e-04
4.910000000000e+00 5.271796296995e-04
4.920000000000e+00 5.223267538126e-04
4.930000000000e+00 5.175141266192e-04
4.940000000000e+00 5.127414819909e-04
4.950000000000e+00 5.080085544376e-04
4.960000000000e+00 5.033150791166e-04
4.970000000000e+00 4.986607918538e-04
4.980000000000e+00 4.940454291648e-04
4.990000000000e+00 4.894687282757e-04
5.000000000000e+00 4.849304271146e-04
5.010000000000e+00 4.804302644144e-04
5.020000000000e+00 4.759679796335e-04
5.030000000000e+00 4.715433130281e-04
5.040000000000e+00 4.671560056577e-04
5.050000000000e+00 4.628057994031e-04
5.060000000000e+00 4.584924369826e-04
5.070000000000e+00 4.542156619684e-04
5.080000000000e+00 4.499752187541e-04
5.090000000000e+00 4.457708527198e-04
5.100000000000e+00 4.416023100655e-04
5.110000000000e+00 4.374693379268e-04
5.120000000000e+00 4.333716843666e-04
5.130000000000e+00 4.293090983888e-04
5.140000000000e+00 4.252813299233e-04
5.150000000000e+00 4.212881299171e-04
5.160000000000e+00 4.173292502584e-04
5.170000000000e+00 4.134044438356e-04
5.180000000000e+00 4.095134645384e-04
5.190000000000e+00 4.056560672689e-04
5.200000000000e+00 4.018320079525e-04
5.210000000000e+00 3.980410434949e-04
5.220000000000e+00 3.942829319508e-04
5.230000000000e+00 3.905574323464e-04
5.240000000000e+00 3.868643047909e-04
5.250000000000e+00 3.832033104637e-04
5.260000000000e+00 3.795742115986e-04
5.270000000000e+00 3.759767715528e-04
5.280000000000e+00 3.724107547516e-04
5.290000000000e+00 3.688759267282e-04
5.300000000000e+00 3.653720541245e-04
5.310000000000e+00 3.618989046972e-04
5.320000000000e+00 3.584562472897e-04
5.330000000000e+00 3.550438519333e-04
5.340000000000e+00 3.516614897498e-04
5.350000000000e+00 3.483089330110e-04
5.360000000000e+00 3.449859551331e-04
5.370000000000e+00 3.416923306571e-04
5.380000000000e+00 3.384278353133e-04
5.390000000000e+00 3.351922459660e-04
5.400000000000e+00 3.319853406482e-04
5.410000000000e+00 3.288068985597e-04
5.420000000000e+00 3.256567000703e-04
5.430000000000e+00 3.225345266664e-04
5.440000000000e+00 3.194401611182e-04
5.450000000000e+00 3.163733872971e-04
5.460000000000e+00 3.133339902777e-04
5.470000000000e+00 3.103217562977e-04
5.480000000000e+00 3.073364728095e-04
5.490000000000e+00 3.043779284360e-04
5.500000000000e+00 3.014459129964e-04
5.510000000000e+00 2.985402175026e-04
5.520000000000e+00 2.956606341328e-04
5.530000000000e+00 2.928069562996e-04
5.540000000000e+00 2.899789785856e-04
5.550000000000e+00 2.871764967779e-04
5.560000000000e+00 2.843993078620e-04
5.570000000000e+00 2.816472099799e-04
5.580000000000e+00 2.789200025401e-04
5.590000000000e+00 2.762174861032e-04
5.600000000000e+00 2.735394624412e-04
5.610000000000e+00 2.708857345016e-04
5.620000000000e+00 2.682561064581e-04
5.630000000000e+00 2.656503836640e-04
5.640000000000e+00 2.630683726749e-04
5.650000000000e+00 2.605098812435e-04
5.660000000000e+00 2.579747182706e-04
5.670000000000e+00 2.554626939290e-04
5.680000000000e+00 2.529736195312e-04
5.690000000000e+00 2.505073075958e-04
5.700000000000e+00 2.480635717965e-04
5.710000000000e+00 2.456422270464e-04
5.720000000000e+00 2.432430894117e-04
5.730000000000e+00 2.408659761532e-04
5.740000000000e+00 2.385107056856e-04
5.750000000000e+00 2.361770976414e-04
5.760000000000e+00 2.338649728079e-04
5.770000000000e+00 2.315741531557e-04
5.780000000000e+00 2.293044618033e-04
5.790000000000e+00 2.270557230708e-04
5.800000000000e+00 2.248277624277e-04
5.810000000000e+00 2.226204065152e-04
5.820000000000e+00 2.204334831116e-04
5.830000000000e+00 2.182668211853e-04
5.840000000000e+00 2.161202508426e-04
5.850000000000e+00 2.139936033497e-04
5.860000000000e+00 2.118867110949e-04
5.870000000000e+00 2.097994076485e-04
5.880000000000e+00 2.077315277030e-04
5.890000000000e+00 2.056829070982e-04
5.900000000000e+00 2.036533827757e-04
5.910000000000e+00 2.016427928577e-04
5.920000000000e+00 1.996509765660e-04
5.930000000000e+00 1.976777742572e-04
5.940000000000e+00 1.957230273644e-04
5.950000000000e+00 1.937865785076e-04
5.960000000000e+00 1.918682713761e-04
5.970000000000e+00 1.899679507632e-04
5.980000000000e+00 1.880854625813e-04
5.990000000000e+00 1.862206538370e-04
6.000000000000e+00 1.843733726382e-04
6.010000000000e+00 1.825434681569e-04
6.020000000000e+00 1.807307906889e-04
6.030000000000e+00 1.789351915935e-04
6.040000000000e+00 1.771565233177e-04
6.050000000000e+00 1.753946393359e-04
6.060000000000e+00 1.736493942676e-04
6.070000000000e+00 1.719206437509e-04
6.080000000000e+00 1.702082444751e-04
6.090000000000e+00 1.685120542110e-04
6.100000000000e+00 1.668319317682e-04
6.110000000000e+00 1.651677370101e-04
6.120000000000e+00 1.635193307970e-04
6.130000000000e+00 1.618865750974e-04
6.140000000000e+00 1.602693328690e-04
6.150000000000e+00 1.586674680839e-04
6.160000000000e+00 1.570808457667e-04
6.170000000000e+00 1.555093319447e-04
6.180000000000e+00 1.539527936505e-04
6.190000000000e+00 1.524110989318e-04
6.200000000000e+00 1.508841168370e-04
6.210000000000e+00 1.493717174175e-04
6.220000000000e+00 1.478737716818e-04
6.230000000000e+00 1.463901516768e-04
6.240000000000e+00 1.449207304034e-04
6.250000000000e+00 1.434653818263e-04
6.260000000000e+00 1.420239809071e-04
6.270000000000e+00 1.405964035632e-04
6.280000000000e+00 1.391825266649e-04
6.290000000000e+00 1.377822280484e-04
6.300000000000e+00 1.363953864994e-04
6.310000000000e+00 1.350218817554e-04
6.320000000000e+00 1.336615944510e-04
6.330000000000e+00 1.323144062259e-04
6.340000000000e+00 1.309801996102e-04
6.350000000000e+00 1.296588580369e-04
6.360000000000e+00 1.283502659074e-04
6.370000000000e+00 1.270543085124e-04
6.380000000000e+00 1.257708720334e-04
6.390000000000e+00 1.244998435902e-04
6.400000000000e+00 1.232411111856e-04
6.410000000000e+00 1.219945637005e-04
6.420000000000e+00 1.207600909282e-04
6.430000000000e+00 1.195375835357e-04
6.440000000000e+00 1.183269330541e-04
6.450000000000e+00 1.171280319051e-04
6.460000000000e+00 1.159407733718e-04
6.470000000000e+00 1.147650515871e-04
6.480000000000e+00 1.136007615548e-04
6.490000000000e+00 1.124477991266e-04
6.500000000000e+00 1.113060609890e-04
6.510000000000e+00 1.101754446816e-04
6.520000000000e+00 1.090558485772e-04
6.530000000000e+00 1.079471718679e-04
6.540000000000e+00 1.068493145824e-04
6.550000000000e+00 1.057621775677e-04
6.560000000000e+00 1.046856624733e-04
6.570000000000e+00 1.036196717712e-04
6.580000000000e+00 1.025641087349e-04
6.590000000000e+00 1.015188774244e-04
6.600000000000e+00 1.004838827082e-04
6.610000000000e+00 9.945903023985e-05
6.620000000000e+00 9.844422644221e-05
6.630000000000e+00 9.743937853453e-05
6.640000000000e+00 9.644439450398e-05
6.650000000000e+00 9.545918308879e-05
6.660000000000e+00 9.448365381385e-05
6.670000000000e+00 9.351771695337e-05
6.680000000000e+00 9.256128351392e-05
6.690000000000e+00 9.161426528134e-05
6.700000000000e+00 9.067657477078e-05
6.710000000000e+00 8.974812521000e-05
6.720000000000e+00 8.882883060202e-05
6.730000000000e+00 8.791860564788e-05
6.740000000000e+00 8.701736577662e-05
6.750000000000e+00 8.612502713849e-05
6.760000000000e+00 8.524150658901e-05
6.770000000000e+00 8.436672169542e-05
6.780000000000e+00 8.350059072951e-05
6.790000000000e+00 8.264303264885e-05
6.800000000000e+00 8.179396711611e-05
6.810000000000e+00 8.095331447987e-05
6.820000000000e+00 8.012099575375e-05
6.830000000000e+00 7.929693265432e-05
6.840000000000e+00 7.848104756237e-05
6.850000000000e+00 7.767326350151e-05
6.860000000000e+00 7.687350420206e-05
6.870000000000e+00 7.608169402158e-05
6.880000000000e+00 7.529775798046e-05
6.890000000000e+00 7.452162175129e-05
6.900000000000e+00 7.375321163924e-05
6.910000000000e+00 7.299245460221e-05
6.920000000000e+00 7.223927823123e-05
6.930000000000e+00 7.149361072748e-05
6.940000000000e+00 7.075538094828e-05
6.950000000000e+00 7.002451835103e-05
6.960000000000e+00 6.930095301403e-05
6.970000000000e+00 6.858461563138e-05
6.980000000000e+00 6.787543749412e-05
6.990000000000e+00 6.717335050679e-05
7.000000000000e+00 6.647828717154e-05
7.010000000000e+00 6.579018056425e-05
7.020000000000e+00 6.510896438020e-05
7.030000000000e+00 6.443457287793e-05
7.040000000000e+00 6.376694090215e-05
7.050000000000e+00 6.310600387701e-05
7.060000000000e+00 6.245169778560e-05
7.070000000000e+00 6.180395919347e-05
7.080000000000e+00 6.116272521991e-05
7.090000000000e+00 6.052793354241e-05
7.100000000000e+00 5.989952239706e-05
7.110000000000e+00 5.927743056196e-05
7.120000000000e+00 5.866159736824e-05
7.130000000000e+00 5.805196268952e-05
7.140000000000e+00 5.744846691767e-05
7.150000000000e+00 5.685105100610e-05
7.160000000000e+00 5.625965641568e-05
7.170000000000e+00 5.567422513951e-05
7.180000000000e+00 5.509469969406e-05
7.190000000000e+00 5.452102309659e-05
7.200000000000e+00 5.395313889885e-05
7.210000000000e+00 5.339099114498e-05
7.220000000000e+00 5.283452438826e-05
7.230000000000e+00 5.228368368574e-05
7.240000000000e+00 5.173841457665e-05
7.250000000000e+00 5.119866311193e-05
7.260000000000e+00 5.066437581711e-05
7.270000000000e+00 5.013549970631e-05
7.280000000000e+00 4.961198227785e-05
7.290000000000e+00 4.909377149280e-05
7.300000000000e+00 4.858081580455e-05
7.310000000000e+00 4.807306412131e-05
7.320000000000e+00 4.757046582149e-05
7.330000000000e+00 4.707297074827e-05
7.340000000000e+00 4.658052918748e-05
7.350000000000e+00 4.609309190096e-05
7.360000000000e+00 4.561061008387e-05
7.370000000000e+00 4.513303538528e-05
7.380000000000e+00 4.466031989581e-05
7.390000000000e+00 4.419241614344e-05
7.400000000000e+00 4.372927709593e-05
7.410000000000e+00 4.327085614613e-05
7.420000000000e+00 4.281710712337e-05
7.430000000000e+00 4.236798427738e-05
7.440000000000e+00 4.192344227942e-05
7.450000000000e+00 4.148343622283e-05
7.460000000000e+00 4.104792160506e-05
7.470000000000e+00 4.061685434864e-05
7.480000000000e+00 4.019019077342e-05
7.490000000000e+00 3.976788760753e-05
7.500000000000e+00 3.934990197985e-05
7.510000000000e+00 3.893619141472e-05
7.520000000000e+00 3.852671383447e-05
7.530000000000e+00 3.812142754554e-05
7.540000000000e+00 3.772029125004e-05
7.550000000000e+00 3.732326402908e-05
7.560000000000e+00 3.693030534603e-05
7.570000000000e+00 3.654137504579e-05
7.580000000000e+00 3.615643333566e-05
7.590000000000e+00 3.577544081252e-05
7.600000000000e+00 3.539835842646e-05
7.610000000000e+00 3.502514750126e-05
7.620000000000e+00 3.465576971896e-05
7.630000000000e+00 3.429018712119e-05
7.640000000000e+00 3.392836210908e-05
7.650000000000e+00 3.357025742519e-05
7.660000000000e+00 3.321583617892e-05
7.670000000000e+00 3.286506181201e-05
7.680000000000e+00 3.251789811873e-05
7.690000000000e+00 3.217430922986e-05
7.700000000000e+00 3.183425961548e-05
7.710000000000e+00 3.149771408133e-05
7.720000000000e+00 3.116463776355e-05
7.730000000000e+00 3.083499613086e-05
7.740000000000e+00 3.050875497173e-05
7.750000000000e+00 3.018588040705e-05
7.760000000000e+00 2.986633887149e-05
7.770000000000e+00 2.955009712129e-05
7.780000000000e+00 2.923712222671e-05
7.790000000000e+00 2.892738157002e-05
7.800000000000e+00 2.862084284648e-05
7.810000000000e+00 2.831747404906e-05
7.820000000000e+00 2.801724348896e-05
7.830000000000e+00 2.772011976660e-05
7.840000000000e+00 2.742607178972e-05
7.850000000000e+00 2.713506875735e-05
7.860000000000e+00 2.684708016492e-05
7.870000000000e+00 2.656207579817e-05
7.880000000000e+00 2.628002573106e-05
7.890000000000e+00 2.600090032661e-05
7.900000000000e+00 2.572467022246e-05
7.910000000000e+00 2.545130635082e-05
7.920000000000e+00 2.518077990988e-05
7.930000000000e+00 2.491306238288e-05
7.940000000000e+00 2.464812552049e-05
7.950000000000e+00 2.438594134841e-05
7.960000000000e+00 2.412648215897e-05
7.970000000000e+00 2.386972051161e-05
7.980000000000e+00 2.361562922990e-05
7.990000000000e+00 2.336418139819e-05
8.000000000000e+00 2.311535036272e-05
8.010000000000e+00 2.286910971955e-05
8.020000000000e+00 2.262543333015e-05
8.030000000000e+00 2.238429529813e-05
8.040000000000e+00 2.214566998483e-05
8.050000000000e+00 2.190953199385e-05
8.060000000000e+00 2.167585617820e-05
8.070000000000e+00 2.144461763180e-05
8.080000000000e+00 2.121579169112e-05
8.090000000000e+00 2.098935393108e-05
8.100000000000e+00 2.076528016329e-05
8.110000000000e+00 2.054354643463e-05
8.120000000000e+00 2.032412902364e-05
8.130000000000e+00 2.010700444151e-05
8.140000000000e+00 1.989214942204e-05
8.150000000000e+00 1.967954093400e-05
8.160000000000e+00 1.946915616188e-05
8.170000000000e+00 1.926097251911e-05
8.180000000000e+00 1.905496763391e-05
8.190000000000e+00 1.885111935673e-05
8.200000000000e+00 1.864940575106e-05
8.210000000000e+00 1.844980509675e-05
8.220000000000e+00 1.825229588434e-05
8.230000000000e+00 1.805685681550e-05
8.240000000000e+00 1.786346679978e-05
8.250000000000e+00 1.767210495317e-05
8.260000000000e+00 1.748275059640e-05
8.270000000000e+00 1.729538325233e-05
8.280000000000e+00 1.710998264519e-05
8.290000000000e+00 1.692652869738e-05
8.300000000000e+00 1.674500152913e-05
8.310000000000e+00 1.656538145507e-05
8.320000000000e+00 1.638764898475e-05
8.330000000000e+00 1.621178481597e-05
8.340000000000e+00 1.603776984143e-05
8.350000000000e+00 1.586558513687e-05
8.360000000000e+00 1.569521196869e-05
8.370000000000e+00 1.552663178424e-05
8.380000000000e+00 1.535982621688e-05
8.390000000000e+00 1.519477707854e-05
8.400000000000e+00 1.503146636287e-05
8.410000000000e+00 1.486987623951e-05
8.420000000000e+00 1.470998905580e-05
8.430000000000e+00 1.455178733237e-05
8.440000000000e+00 1.439525376373e-05
8.450000000000e+00 1.424037121491e-05
8.460000000000e+00 1.408712272120e-05
8.470000000000e+00 1.393549148553e-05
8.480000000000e+00 1.378546087765e-05
8.490000000000e+00 1.363701443208e-05
8.500000000000e+00 1.349013584679e-05
8.510000000000e+00 1.334480898164e-05
8.520000000000e+00 1.320101785674e-05
8.530000000000e+00 1.305874665115e-05
8.540000000000e+00 1.291797970108e-05
8.550000000000e+00 1.277870149881e-05
8.560000000000e+00 1.264089669074e-05
8.570000000000e+00 1.250455007643e-05
8.580000000000e+00 1.236964660667e-05
8.590000000000e+00 1.223617138252e-05
8.600000000000e+00 1.210410965340e-05
8.610000000000e+00 1.197344681621e-05
8.620000000000e+00 1.184416841336e-05
8.630000000000e+00 1.171626013197e-05
8.640000000000e+00 1.158970780194e-05
8.650000000000e+00 1.146449739512e-05
8.660000000000e+00 1.134061502346e-05
8.670000000000e+00 1.121804693814e-05
8.680000000000e+00 1.109677952779e-05
8.690000000000e+00 1.097679931765e-05
8.700000000000e+00 1.085809296778e-05
8.710000000000e+00 1.074064727226e-05
8.720000000000e+00 1.062444915744e-05
8.730000000000e+00 1.050948568110e-05
8.740000000000e+00 1.039574403082e-05
8.750000000000e+00 1.028321152306e-05
8.760000000000e+00 1.017187560165e-05
8.770000000000e+00 1.006172383681e-05
8.780000000000e+00 9.952743923692e-06
8.790000000000e+00 9.844923681441e-06
8.800000000000e+00 9.738251051758e-06
8.810000000000e+00 9.632714097919e-06
8.820000000000e+00 9.528301003453e-06
8.830000000000e+00 9.425000071102e-06
8.840000000000e+00 9.322799721583e-06
8.850000000000e+00 9.221688492514e-06
8.860000000000e+00 9.121655037242e-06
8.870000000000e+00 9.022688123752e-06
8.880000000000e+00 8.924776633548e-06
8.890000000000e+00 8.827909560555e-06
8.900000000000e+00 8.732076010039e-06
8.910000000000e+00 8.637265197514e-06
8.920000000000e+00 8.543466447694e-06
8.930000000000e+00 8.450669193415e-06
8.940000000000e+00 8.358862974599e-06
8.950000000000e+00 8.268037437212e-06
8.960000000000e+00 8.178182332216e-06
8.970000000000e+00 8.089287514601e-06
8.980000000000e+00 8.001342942274e-06
8.990000000000e+00 7.914338675215e-06
9.000000000000e+00 7.828264874250e-06
9.010000000000e+00 7.743111800397e-06
9.020000000000e+00 7.658869813445e-06
9.030000000000e+00 7.575529371569e-06
9.040000000000e+00 7.493081029634e-06
9.050000000000e+00 7.411515439171e-06
9.060000000000e+00 7.330823346294e-06
9.070000000000e+00 7.250995592167e-06
9.080000000000e+00 7.172023110536e-06
9.090000000000e+00 7.093896928109e-06
9.100000000000e+00 7.016608162915e-06
9.110000000000e+00 6.940148023746e-06
9.120000000000e+00 6.864507809027e-06
9.130000000000e+00 6.789678906170e-06
9.140000000000e+00 6.715652790488e-06
9.150000000000e+00 6.642421024504e-06
9.160000000000e+00 6.569975256977e-06
9.170000000000e+00 6.498307222090e-06
9.180000000000e+00 6.427408738686e-06
9.190000000000e+00 6.357271709211e-06
9.200000000000e+00 6.287888119292e-06
9.210000000000e+00 6.219250036299e-06
9.220000000000e+00 6.151349609420e-06
9.230000000000e+00 6.084179067651e-06
9.240000000000e+00 6.017730720596e-06
9.250000000000e+00 5.951996955627e-06
9.260000000000e+00 5.886970239688e-06
9.270000000000e+00 5.822643115612e-06
9.280000000000e+00 5.759008203818e-06
9.290000000000e+00 5.696058200148e-06
9.300000000000e+00 5.633785875746e-06
9.310000000000e+00 5.572184075916e-06
9.320000000000e+00 5.511245719702e-06
9.330000000000e+00 5.450963798969e-06
9.340000000000e+00 5.391331377686e-06
9.350000000000e+00 5.332341591441e-06
9.360000000000e+00 5.273987646192e-06
9.370000000000e+00 5.216262818494e-06
9.380000000000e+00 5.159160453385e-06
9.390000000000e+00 5.102673965705e-06
9.400000000000e+00 5.046796836695e-06
9.410000000000e+00 4.991522616874e-06
9.420000000000e+00 4.936844921276e-06
9.430000000000e+00 4.882757432254e-06
9.440000000000e+00 4.829253896911e-06
9.450000000000e+00 4.776328127184e-06
9.460000000000e+00 4.723973998879e-06
9.470000000000e+00 4.672185451130e-06
9.480000000000e+00 4.620956485981e-06
9.490000000000e+00 4.570281167123e-06
9.500000000000e+00 4.520153620448e-06
9.510000000000e+00 4.470568031579e-06
9.520000000000e+00 4.421518647954e-06
9.530000000000e+00 4.372999774907e-06
9.540000000000e+00 4.325005778016e-06
9.550000000000e+00 4.277531080761e-06
9.560000000000e+00 4.230570164762e-06
9.570000000000e+00 4.184117568708e-06
9.580000000000e+00 4.138167888061e-06
9.590000000000e+00 4.092715774537e-06
9.600000000000e+00 4.047755935021e-06
9.610000000000e+00 4.003283132156e-06
9.620000000000e+00 3.959292181833e-06
9.630000000000e+00 3.915777955613e-06
9.640000000000e+00 3.872735376441e-06
9.650000000000e+00 3.830159421457e-06
9.660000000000e+00 3.788045119503e-06
9.670000000000e+00 3.746387551444e-06
9.680000000000e+00 3.705181849260e-06
9.690000000000e+00 3.664423195568e-06
9.700000000000e+00 3.624106823578e-06
9.710000000000e+00 3.584228015418e-06
9.720000000000e+00 3.544782103723e-06
9.730000000000e+00 3.505764468272e-06
9.740000000000e+00 3.467170538194e-06
9.750000000000e+00 3.428995789779e-06
9.760000000000e+00 3.391235746875e-06
9.770000000000e+00 3.353885979879e-06
9.780000000000e+00 3.316942105486e-06
9.790000000000e+00 3.280399786493e-06
9.800000000000e+00 3.244254730338e-06
9.810000000000e+00 3.208502690619e-06
9.820000000000e+00 3.173139463813e-06
9.830000000000e+00 3.138160891531e-06
9.840000000000e+00 3.103562858350e-06
9.850000000000e+00 3.069341292257e-06
9.860000000000e+00 3.035492163717e-06
9.870000000000e+00 3.002011485342e-06
9.880000000000e+00 2.968895311982e-06
9.890000000000e+00 2.936139738884e-06
9.900000000000e+00 2.903740903894e-06
9.910000000000e+00 2.871694983404e-06
9.920000000000e+00 2.839998195325e-06
9.930000000000e+00 2.808646796672e-06
9.940000000000e+00 2.777637083974e-06
9.950000000000e+00 2.746965392682e-06
9.960000000000e+00 2.716628096339e-06
9.970000000000e+00 2.686621607545e-06
9.980000000000e+00 2.656942374933e-06
9.990000000000e+00 2.627586887098e-06
1.000000000000e+01 2.598551666592e-06
