4.496443130226093e-05    6.373812847452520e-06    4.887082683987567e-02
4.555278492176026e-05    6.457213343172584e-06    4.887082684053223e-02
4.614883707033141e-05    6.541705123318276e-06    4.887082684120608e-02
4.675268848220614e-05    6.627302467201615e-06    4.887082684189776e-02
4.736444120971028e-05    6.714019840977522e-06    4.887082684260759e-02
4.798419864051082e-05    6.801871900088640e-06    4.887082684333609e-02
4.861206551508864e-05    6.890873491742138e-06    4.887082684408384e-02
4.924814794443993e-05    6.981039657418923e-06    4.887082684485122e-02
4.989255342800919e-05    7.072385635415687e-06    4.887082684563889e-02
5.054539087185687e-05    7.164926863420216e-06    4.887082684644727e-02
5.120677060706483e-05    7.258678981120398e-06    4.887082684727696e-02
5.187680440838245e-05    7.353657832847361e-06    4.887082684812846e-02
5.255560551311690e-05    7.449879470253212e-06    4.887082684900244e-02
5.324328864027048e-05    7.547360155023794e-06    4.887082684989949e-02
5.393997000992846e-05    7.646116361626963e-06    4.887082685082005e-02
5.464576736290045e-05    7.746164780096799e-06    4.887082685176490e-02
5.536079998061900e-05    7.847522318854268e-06    4.887082685273461e-02
5.608518870529832e-05    7.950206107564792e-06    4.887082685372990e-02
5.681905596035701e-05    8.054233500033188e-06    4.887082685475141e-02
5.756252577110786e-05    8.159622077136515e-06    4.887082685579986e-02
5.831572378571840e-05    8.266389649795282e-06    4.887082685687587e-02
5.907877729644580e-05    8.374554261983532e-06    4.887082685798021e-02
5.985181526114950e-05    8.484134193778320e-06    4.887082685911374e-02
6.063496832508544e-05    8.595147964449090e-06    4.887082686027701e-02
6.142836884298541e-05    8.707614335587477e-06    4.887082686147100e-02
6.223215090142532e-05    8.821552314278055e-06    4.887082686269637e-02
6.304645034148609e-05    8.936981156310587e-06    4.887082686395409e-02
6.387140478171123e-05    9.053920369434294e-06    4.887082686524495e-02
6.470715364136459e-05    9.172389716654712e-06    4.887082686656976e-02
6.555383816399265e-05    9.292409219573695e-06    4.887082686792948e-02
6.641160144129489e-05    9.413999161773104e-06    4.887082686932503e-02
6.728058843730674e-05    9.537180092242782e-06    4.887082687075728e-02
6.816094601289881e-05    9.661972828853387e-06    4.887082687222730e-02
6.905282295059671e-05    9.788398461874666e-06    4.887082687373607e-02
6.995636997972565e-05    9.916478357539745e-06    4.887082687528455e-02
7.087173980188409e-05    1.004623416165609e-05    4.887082687687388e-02
7.179908711675066e-05    1.017768780326369e-05    4.887082687850496e-02
7.273856864822872e-05    1.031086149834114e-05    4.887082688017905e-02
7.369034317093317e-05    1.044577775356014e-05    4.887082688189728e-02
7.465457153702365e-05    1.058245937008924e-05    4.887082688366069e-02
7.563141670338898e-05    1.072092944744726e-05    4.887082688547068e-02
7.662104375918728e-05    1.086121138740717e-05    4.887082688732828e-02
7.762361995374638e-05    1.100332889795105e-05    4.887082688923481e-02
7.863931472482939e-05    1.114730599727676e-05    4.887082689119149e-02
7.966829972727006e-05    1.129316701785715e-05    4.887082689319983e-02
8.071074886198291e-05    1.144093661055222e-05    4.887082689526103e-02
8.176683830535283e-05    1.159063974877525e-05    4.887082689737646e-02
8.283674653900934e-05    1.174230173271331e-05    4.887082689954764e-02
8.392065437999040e-05    1.189594819360307e-05    4.887082690177602e-02
8.501874501130096e-05    1.205160509806255e-05    4.887082690406313e-02
8.613120401287127e-05    1.220929875247956e-05    4.887082690641046e-02
8.725821939292035e-05    1.236905580745748e-05    4.887082690881964e-02
8.839998161972984e-05    1.253090326231934e-05    4.887082691129228e-02
8.955668365383357e-05    1.269486846967074e-05    4.887082691382997e-02
9.072852098062838e-05    1.286097914002250e-05    4.887082691643460e-02
9.191569164341156e-05    1.302926334647384e-05    4.887082691910778e-02
9.311839627685073e-05    1.319974952945675e-05    4.887082692185146e-02
9.433683814089146e-05    1.337246650154253e-05    4.887082692466729e-02
9.557122315510881e-05    1.354744345231118e-05    4.887082692755736e-02
9.682175993350813e-05    1.372470995328448e-05    4.887082693052361e-02
9.808865981978136e-05    1.390429596292368e-05    4.887082693356792e-02
9.937213692302465e-05    1.408623183169256e-05    4.887082693669239e-02
1.006724081539232e-04    1.427054830718667e-05    4.887082693989925e-02
1.019896932614099e-04    1.445727653932985e-05    4.887082694319051e-02
1.033242148698031e-04    1.464644808563853e-05    4.887082694656854e-02
1.046761985164308e-04    1.483809491655511e-05    4.887082695003541e-02
1.060458726897474e-04    1.503224942085101e-05    4.887082695359375e-02
1.074334688679480e-04    1.522894441110045e-05    4.887082695724573e-02
1.088392215580892e-04    1.542821312922585e-05    4.887082696099398e-02
1.102633683357217e-04    1.563008925211582e-05    4.887082696484095e-02
1.117061498850404e-04    1.583460689731661e-05    4.887082696878917e-02
1.131678100395611e-04    1.604180062879807e-05    4.887082697284147e-02
1.146485958233289e-04    1.625170546279503e-05    4.887082697700050e-02
1.161487574926655e-04    1.646435687372516e-05    4.887082698126909e-02
1.176685485784637e-04    1.667979080018419e-05    4.887082698565005e-02
1.192082259290341e-04    1.689804365101968e-05    4.887082699014646e-02
1.207680497535137e-04    1.711915231148412e-05    4.887082699476129e-02
1.223482836658412e-04    1.734315414946873e-05    4.887082699949771e-02
1.239491947293091e-04    1.757008702181861e-05    4.887082700435888e-02
1.255710535016972e-04    1.779998928073074e-05    4.887082700934806e-02
1.272141340809985e-04    1.803289978023553e-05    4.887082701446873e-02
1.288787141517413e-04    1.826885788276328e-05    4.887082701972426e-02
1.305650750319196e-04    1.850790346579653e-05    4.887082702511820e-02
1.322735017205358e-04    1.875007692860940e-05    4.887082703065417e-02
1.340042829457665e-04    1.899541919909523e-05    4.887082703633606e-02
1.357577112137582e-04    1.924397174068346e-05    4.887082704216757e-02
1.375340828580615e-04    1.949577655934707e-05    4.887082704815270e-02
1.393336980897122e-04    1.975087621070166e-05    4.887082705429549e-02
1.411568610479678e-04    2.000931380719748e-05    4.887082706060011e-02
1.430038798517075e-04    2.027113302540554e-05    4.887082706707081e-02
1.448750666515052e-04    2.053637811339905e-05    4.887082707371188e-02
1.467707376823836e-04    2.080509389823145e-05    4.887082708052792e-02
1.486912133172589e-04    2.107732579351231e-05    4.887082708752350e-02
1.506368181210844e-04    2.135311980708230e-05    4.887082709470333e-02
1.526078809057024e-04    2.163252254878869e-05    4.887082710207236e-02
1.546047347854151e-04    2.191558123836246e-05    4.887082710963536e-02
1.566277172332807e-04    2.220234371339862e-05    4.887082711739765e-02
1.586771701381479e-04    2.249285843744083e-05    4.887082712536441e-02
1.607534398624355e-04    2.278717450817187e-05    4.887082713354111e-02
1.628568773006685e-04    2.308534166571129e-05    4.887082714193306e-02
1.649878379387805e-04    2.338741030102160e-05    4.887082715054614e-02
1.671466819141911e-04    2.369343146442446e-05    4.887082715938603e-02
1.693337740766705e-04    2.400345687422831e-05    4.887082716845878e-02
1.715494840499996e-04    2.431753892546893e-05    4.887082717777060e-02
1.737941862944375e-04    2.463573069876427e-05    4.887082718732761e-02
1.760682601700062e-04    2.495808596928524e-05    4.887082719713635e-02
1.783720900006031e-04    2.528465921584388e-05    4.887082720720357e-02
1.807060651389530e-04    2.561550563010033e-05    4.887082721753586e-02
1.830705800324092e-04    2.595068112589046e-05    4.887082722814041e-02
1.854660342896166e-04    2.629024234867536e-05    4.887082723902417e-02
1.878928327480460e-04    2.663424668511463e-05    4.887082725019470e-02
1.903513855424130e-04    2.698275227276481e-05    4.887082726165948e-02
1.928421081739914e-04    2.733581800990483e-05    4.887082727342618e-02
1.953654215808340e-04    2.769350356548993e-05    4.887082728550293e-02
1.979217522089125e-04    2.805586938923588e-05    4.887082729789773e-02
2.005115320841871e-04    2.842297672183514e-05    4.887082731061901e-02
2.031351988856208e-04    2.879488760530665e-05    4.887082732367546e-02
2.057931960191476e-04    2.917166489348115e-05    4.887082733707578e-02
2.084859726926094e-04    2.955337226262359e-05    4.887082735082898e-02
2.112139839916729e-04    2.994007422219459e-05    4.887082736494459e-02
2.139776909567408e-04    3.033183612575274e-05    4.887082737943201e-02
2.167775606608680e-04    3.072872418199943e-05    4.887082739430092e-02
2.196140662886984e-04    3.113080546596841e-05    4.887082740956164e-02
2.224876872164344e-04    3.153814793036152e-05    4.887082742522426e-02
2.253989090928522e-04    3.195082041703295e-05    4.887082744129945e-02
2.283482239213778e-04    3.236889266862369e-05    4.887082745779809e-02
2.313361301432370e-04    3.279243534034815e-05    4.887082747473131e-02
2.343631327216929e-04    3.322152001193515e-05    4.887082749211057e-02
2.374297432273856e-04    3.365621919972502e-05    4.887082750994762e-02
2.405364799247894e-04    3.409660636892509e-05    4.887082752825454e-02
2.436838678598007e-04    3.454275594602547e-05    4.887082754704363e-02
2.468724389484715e-04    3.499474333137732e-05    4.887082756632766e-02
2.501027320669048e-04    3.545264491193577e-05    4.887082758611964e-02
2.533752931423261e-04    3.591653807416940e-05    4.887082760643299e-02
2.566906752453462e-04    3.638650121713885e-05    4.887082762728138e-02
2.600494386834314e-04    3.686261376574642e-05    4.887082764867900e-02
2.634521510955970e-04    3.734495618415910e-05    4.887082767064018e-02
2.668993875483393e-04    3.783360998940724e-05    4.887082769317988e-02
2.703917306328235e-04    3.832865776516109e-05    4.887082771631334e-02
2.739297705633433e-04    3.883018317568776e-05    4.887082774005606e-02
2.775141052770676e-04    3.933827097999058e-05    4.887082776442422e-02
2.811453405350942e-04    3.985300704613369e-05    4.887082778943425e-02
2.848240900248242e-04    4.037447836575391e-05    4.887082781510313e-02
2.885509754636774e-04    4.090277306876261e-05    4.887082784144813e-02
2.923266267041632e-04    4.143798043823986e-05    4.887082786848700e-02
2.961516818403276e-04    4.198019092552354e-05    4.887082789623814e-02
3.000267873155927e-04    4.252949616549584e-05    4.887082792472030e-02
3.039525980320069e-04    4.308598899206982e-05    4.887082795395269e-02
3.079297774609251e-04    4.364976345387855e-05    4.887082798395508e-02
3.119589977551368e-04    4.422091483016966e-05    4.887082801474778e-02
3.160409398624618e-04    4.479953964690771e-05    4.887082804635160e-02
3.201762936408315e-04    4.538573569308740e-05    4.887082807878790e-02
3.243657579748772e-04    4.597960203726018e-05    4.887082811207849e-02
3.286100408940423e-04    4.658123904427704e-05    4.887082814624610e-02
3.329098596922423e-04    4.719074839225055e-05    4.887082818131371e-02
3.372659410490881e-04    4.780823308973864e-05    4.887082821730497e-02
3.416790211526966e-04    4.843379749315342e-05    4.887082825424429e-02
3.461498458241090e-04    4.906754732439764e-05    4.887082829215667e-02
3.506791706433358e-04    4.970958968873204e-05    4.887082833106774e-02
3.552677610770517e-04    5.036003309287637e-05    4.887082837100368e-02
3.599163926079615e-04    5.101898746334744e-05    4.887082841199152e-02
3.646258508658576e-04    5.168656416503694e-05    4.887082845405908e-02
3.693969317603949e-04    5.236287602003240e-05    4.887082849723475e-02
3.742304416156001e-04    5.304803732668450e-05    4.887082854154775e-02
3.791271973061431e-04    5.374216387892383e-05    4.887082858702790e-02
3.840880263953902e-04    5.444537298583034e-05    4.887082863370607e-02
3.891137672752647e-04    5.515778349145897e-05    4.887082868161385e-02
3.942052693079371e-04    5.587951579492460e-05    4.887082873078352e-02
3.993633929693693e-04    5.661069187074990e-05    4.887082878124835e-02
4.045890099947370e-04    5.735143528947935e-05    4.887082883304249e-02
4.098830035257546e-04    5.810187123856304e-05    4.887082888620091e-02
4.152462682599292e-04    5.886212654351368e-05    4.887082894075961e-02
4.206797106017661e-04    5.963232968934059e-05    4.887082899675538e-02
4.261842488159533e-04    6.041261084226397e-05    4.887082905422620e-02
4.317608131825499e-04    6.120310187171341e-05    4.887082911321072e-02
4.374103461542068e-04    6.200393637261418e-05    4.887082917374910e-02
4.431338025154428e-04    6.281524968796530e-05    4.887082923588201e-02
4.489321495440052e-04    6.363717893171282e-05    4.887082929965161e-02
4.548063671743427e-04    6.446986301192251e-05    4.887082936510092e-02
4.607574481632155e-04    6.531344265425580e-05    4.887082943227430e-02
4.667863982574753e-04    6.616806042575281e-05    4.887082950121702e-02
4.728942363640374e-04    6.703386075892669e-05    4.887082957197572e-02
4.790819947220792e-04    6.791098997617312e-05    4.887082964459837e-02
4.853507190774904e-04    6.879959631449925e-05    4.887082971913388e-02
4.917014688596073e-04    6.969982995057633e-05    4.887082979563274e-02
4.981353173602585e-04    7.061184302611995e-05    4.887082987414677e-02
5.046533519151539e-04    7.153578967360251e-05    4.887082995472875e-02
5.112566740876470e-04    7.247182604230215e-05    4.887083003743339e-02
5.179463998549010e-04    7.342011032469247e-05    4.887083012231654e-02
5.247236597964930e-04    7.438080278317758e-05    4.887083020943560e-02
5.315895992854836e-04    7.535406577717702e-05    4.887083029884946e-02
5.385453786819885e-04    7.634006379056501e-05    4.887083039061857e-02
5.455921735292805e-04    7.733896345946876e-05    4.887083048480491e-02
5.527311747524610e-04    7.835093360043067e-05    4.887083058147230e-02
5.599635888597284e-04    7.937614523893876e-05    4.887083068068587e-02
5.672906381462806e-04    8.041477163833074e-05    4.887083078251283e-02
5.747135609008863e-04    8.146698832907592e-05    4.887083088702208e-02
5.822336116151580e-04    8.253297313844069e-05    4.887083099428421e-02
5.898520611955650e-04    8.361290622054183e-05    4.887083110437162e-02
5.975701971782189e-04    8.470697008679324e-05    4.887083121735886e-02
6.053893239464711e-04    8.581534963675109e-05    4.887083133332228e-02
6.133107629513551e-04    8.693823218936242e-05    4.887083145234031e-02
6.213358529349169e-04    8.807580751462288e-05    4.887083157449341e-02
6.294659501564641e-04    8.922826786564844e-05    4.887083169986404e-02
6.377024286217776e-04    9.039580801116697e-05    4.887083182853705e-02
6.460466803153220e-04    9.157862526843486e-05    4.887083196059942e-02
6.545001154354929e-04    9.277691953658446e-05    4.887083209614047e-02
6.630641626329461e-04    9.399089333040773e-05    4.887083223525172e-02
6.717402692520410e-04    9.522075181458212e-05    4.887083237802731e-02
6.805299015754467e-04    9.646670283834417e-05    4.887083252456374e-02
6.894345450719453e-04    9.772895697061688e-05    4.887083267496000e-02
6.984557046474820e-04    9.900772753559673e-05    4.887083282931793e-02
7.075949048994963e-04    1.003032306488063e-04    4.887083298774172e-02
7.168536903745830e-04    1.016156852536188e-04    4.887083315033852e-02
7.262336258295243e-04    1.029453131582602e-04    4.887083331721827e-02
7.357362964957369e-04    1.042923390732961e-04    4.887083348849364e-02
7.453633083471807e-04    1.056569906496085e-04    4.887083366428079e-02
7.551162883717720e-04    1.070394985168699e-04    4.887083384469813e-02
7.649968848463483e-04    1.084400963225208e-04    4.887083402986785e-02
7.750067676152299e-04    1.098590207712569e-04    4.887083421991509e-02
7.851476283724295e-04    1.112965116650337e-04    4.887083441496839e-02
7.954211809475515e-04    1.127528119435937e-04    4.887083461515949e-02
8.058291615954329e-04    1.142281677255244e-04    4.887083482062381e-02
8.163733292895755e-04    1.157228283498540e-04    4.887083503150012e-02
8.270554660194154e-04    1.172370464181902e-04    4.887083524793119e-02
8.378773770914846e-04    1.187710778374115e-04    4.887083547006319e-02
8.488408914345113e-04    1.203251818629164e-04    4.887083569804630e-02
8.599478619085144e-04    1.218996211424393e-04    4.887083593203469e-02
8.712001656179387e-04    1.234946617604390e-04    4.887083617218654e-02
8.825997042288931e-04    1.251105732830683e-04    4.887083641866411e-02
8.941484042905349e-04    1.267476288037319e-04    4.887083667163410e-02
9.058482175606614e-04    1.284061049892412e-04    4.887083693126758e-02
9.177011213355625e-04    1.300862821265720e-04    4.887083719773992e-02
9.297091187841864e-04    1.317884441702343e-04    4.887083747123139e-02
9.418742392866825e-04    1.335128787902630e-04    4.887083775192672e-02
9.541985387773698e-04    1.352598774208347e-04    4.887083804001591e-02
9.666841000921957e-04    1.370297353095225e-04    4.887083833569351e-02
9.793330333207385e-04    1.388227515671942e-04    4.887083863915949e-02
9.921474761628198e-04    1.406392292185637e-04    4.887083895061890e-02
1.005129594289780e-03    1.424794752534041e-04    4.887083927028246e-02
1.018281581710480e-03    1.443438006784308e-04    4.887083959836615e-02
1.031605661142099e-03    1.462325205698637e-04    4.887083993509178e-02
1.045104084385771e-03    1.481459541266763e-04    4.887084028068706e-02
1.058779132707154e-03    1.500844247245436e-04    4.887084063538548e-02
1.072633117221961e-03    1.520482599704931e-04    4.887084099942694e-02
1.086668379286549e-03    1.540377917582741e-04    4.887084137305745e-02
1.100887290893612e-03    1.560533563244484e-04    4.887084175652963e-02
1.115292255073054e-03    1.580952943052180e-04    4.887084215010284e-02
1.129885706298108e-03    1.601639507939936e-04    4.887084255404288e-02
1.144670110896763e-03    1.622596753997188e-04    4.887084296862297e-02
1.159647967468585e-03    1.643828223059560e-04    4.887084339412340e-02
1.174821807306984e-03    1.665337503307458e-04    4.887084383083179e-02
1.190194194827007e-03    1.687128229872504e-04    4.887084427904331e-02
1.205767727998733e-03    1.709204085451897e-04    4.887084473906101e-02
1.221545038786335e-03    1.731568800930814e-04    4.887084521119585e-02
1.237528793592887e-03    1.754226156012965e-04    4.887084569576695e-02
1.253721693710995e-03    1.777179979859386e-04    4.887084619310200e-02
1.270126475779318e-03    1.800434151735601e-04    4.887084670353714e-02
1.286745912245072e-03    1.823992601667252e-04    4.887084722741730e-02
1.303582811832576e-03    1.847859311104301e-04    4.887084776509682e-02
1.320640020017932e-03    1.872038313593927e-04    4.887084831693915e-02
1.337920419509922e-03    1.896533695462239e-04    4.887084888331725e-02
1.355426930737190e-03    1.921349596504894e-04    4.887084946461402e-02
1.373162512341800e-03    1.946490210686760e-04    4.887085006122243e-02
1.391130161679255e-03    1.971959786850735e-04    4.887085067354576e-02
1.409332915325057e-03    1.997762629435843e-04    4.887085130199807e-02
1.427773849587899e-03    2.023903099204720e-04    4.887085194700409e-02
1.446456081029560e-03    2.050385613980632e-04    4.887085260899976e-02
1.465382766991622e-03    2.077214649394124e-04    4.887085328843274e-02
1.484557106129057e-03    2.104394739639449e-04    4.887085398576232e-02
1.503982338950818e-03    2.131930478240894e-04    4.887085470145981e-02
1.523661748367485e-03    2.159826518829132e-04    4.887085543600901e-02
1.543598660246089e-03    2.188087575927737e-04    4.887085618990650e-02
1.563796443972188e-03    2.216718425749988e-04    4.887085696366203e-02
1.584258513019305e-03    2.245723907006104e-04    4.887085775779843e-02
1.604988325525811e-03    2.275108921721038e-04    4.887085857285267e-02
1.625989384879358e-03    2.304878436062978e-04    4.887085940937576e-02
1.647265240308963e-03    2.335037481182688e-04    4.887086026793307e-02
1.668819487484830e-03    2.365591154063833e-04    4.887086114910499e-02
1.690655769126033e-03    2.396544618384430e-04    4.887086205348725e-02
1.712777775616143e-03    2.427903105389577e-04    4.887086298169116e-02
1.735189245626910e-03    2.459671914775601e-04    4.887086393434412e-02
1.757893966750105e-03    2.491856415585773e-04    4.887086491209019e-02
1.780895776137639e-03    2.524462047117750e-04    4.887086591559028e-02
1.804198561150044e-03    2.557494319842893e-04    4.887086694552271e-02
1.827806260013451e-03    2.590958816337607e-04    4.887086800258376e-02
1.851722862485157e-03    2.624861192226886e-04    4.887086908748788e-02
1.875952410527901e-03    2.659207177140186e-04    4.887087020096845e-02
1.900498998992972e-03    2.694002575679828e-04    4.887087134377822e-02
1.925366776312245e-03    2.729253268402054e-04    4.887087251668973e-02
1.950559945199275e-03    2.764965212810941e-04    4.887087372049572e-02
1.976082763359564e-03    2.801144444365310e-04    4.887087495600994e-02
2.001939544210129e-03    2.837797077498817e-04    4.887087622406761e-02
2.028134657608475e-03    2.874929306653395e-04    4.887087752552585e-02
2.054672530591114e-03    2.912547407326222e-04    4.887087886126440e-02
2.081557648121742e-03    2.950657737130387e-04    4.887088023218620e-02
2.108794553849211e-03    2.989266736869439e-04    4.887088163921793e-02
2.136387850875416e-03    3.028380931626002e-04    4.887088308331065e-02
2.164342202533229e-03    3.068006931864639e-04    4.887088456544047e-02
2.192662333174614e-03    3.108151434549138e-04    4.887088608660934e-02
2.221353028969053e-03    3.148821224274437e-04    4.887088764784549e-02
2.250419138712423e-03    3.190023174413354e-04    4.887088925020405e-02
2.279865574646451e-03    3.231764248278326e-04    4.887089089476832e-02
2.309697313288895e-03    3.274051500298355e-04    4.887089258264986e-02
2.339919396274588e-03    3.316892077211360e-04    4.887089431498959e-02
2.370536931207486e-03    3.360293219272128e-04    4.887089609295842e-02
2.401555092523865e-03    3.404262261476081e-04    4.887089791775816e-02
2.432979122366813e-03    3.448806634799060e-04    4.887089979062228e-02
2.464814331472167e-03    3.493933867453332e-04    4.887090171281669e-02
2.497066100066038e-03    3.539651586160043e-04    4.887090368564063e-02
2.529739878774080e-03    3.585967517438312e-04    4.887090571042758e-02
2.562841189542658e-03    3.632889488911221e-04    4.887090778854612e-02
2.596375626572079e-03    3.680425430628874e-04    4.887090992140090e-02
2.630348857262016e-03    3.728583376408787e-04    4.887091211043356e-02
2.664766623169314e-03    3.777371465193828e-04    4.887091435712372e-02
2.699634740978331e-03    3.826797942427913e-04    4.887091666298981e-02
2.734959103483965e-03    3.876871161449726e-04    4.887091902959051e-02
2.770745680587555e-03    3.927599584904673e-04    4.887092145852534e-02
2.807000520305807e-03    3.978991786175328e-04    4.887092395143604e-02
2.843729749792926e-03    4.031056450830583e-04    4.887092651000742e-02
2.880939576376109e-03    4.083802378093791e-04    4.887092913596897e-02
2.918636288604615e-03    4.137238482330112e-04    4.887093183109540e-02
2.956826257312532e-03    4.191373794553332e-04    4.887093459720846e-02
2.995515936695467e-03    4.246217463952407e-04    4.887093743617743e-02
3.034711865401322e-03    4.301778759437995e-04    4.887094034992139e-02
3.074420667635336e-03    4.358067071209220e-04    4.887094334040943e-02
3.114649054279600e-03    4.415091912340962e-04    4.887094640966280e-02
3.155403824027204e-03    4.472862920391915e-04    4.887094955975582e-02
3.196691864531237e-03    4.531389859033696e-04    4.887095279281754e-02
3.238520153568809e-03    4.590682619701292e-04    4.887095611103306e-02
3.280895760220325e-03    4.650751223265099e-04    4.887095951664487e-02
3.323825846064168e-03    4.711605821724861e-04    4.887096301195475e-02
3.367317666387023e-03    4.773256699925780e-04    4.887096659932481e-02
3.411378571410039e-03    4.835714277297095e-04    4.887097028117961e-02
3.456016007531034e-03    4.898989109613425e-04    4.887097406000729e-02
3.501237518582954e-03    4.963091890779167e-04    4.887097793836174e-02
3.547050747108799e-03    5.028033454636258e-04    4.887098191886403e-02
3.593463435653233e-03    5.093824776795609e-04    4.887098600420413e-02
3.640483428071079e-03    5.160476976492509e-04    4.887099019714301e-02
3.688118670852972e-03    5.228001318466336e-04    4.887099450051407e-02
3.736377214468318e-03    5.296409214864859e-04    4.887099891722554e-02
3.785267214725849e-03    5.365712227173499e-04    4.887100345026228e-02
3.834796934151971e-03    5.435922068169828e-04    4.887100810268735e-02
3.884974743387152e-03    5.507050603903675e-04    4.887101287764479e-02
3.935809122600581e-03    5.579109855703152e-04    4.887101777836140e-02
3.987308662923336e-03    5.652112002206956e-04    4.887102280814878e-02
4.039482067900309e-03    5.726069381423272e-04    4.887102797040571e-02
4.092338154961112e-03    5.800994492815644e-04    4.887103326862068e-02
4.145885856910263e-03    5.876899999416166e-04    4.887103870637375e-02
4.200134223436843e-03    5.953798729966333e-04    4.887104428733922e-02
4.255092422643909e-03    6.031703681085939e-04    4.887105001528833e-02
4.310769742597933e-03    6.110628019470376e-04    4.887105589409142e-02
4.367175592898505e-03    6.190585084116707e-04    4.887106192772084e-02
4.424319506268578e-03    6.271588388578895e-04    4.887106812025339e-02
4.482211140165518e-03    6.353651623252570e-04    4.887107447587307e-02
4.540860278413246e-03    6.436788657689720e-04    4.887108099887432e-02
4.600276832855709e-03    6.521013542943690e-04    4.887108769366434e-02
4.660470845032029e-03    6.606340513944910e-04    4.887109456476656e-02
4.721452487873530e-03    6.692783991907738e-04    4.887110161682327e-02
4.783232067422995e-03    6.780358586768815e-04    4.887110885459897e-02
4.845820024576410e-03    6.869079099657374e-04    4.887111628298363e-02
4.909226936847500e-03    6.958960525397910e-04    4.887112390699603e-02
4.973463520155350e-03    7.050018055045623e-04    4.887113173178659e-02
5.038540630635432e-03    7.142267078455081e-04    4.887113976264188e-02
5.104469266474310e-03    7.235723186882543e-04    4.887114800498706e-02
5.171260569768348e-03    7.330402175622353e-04    4.887115646439047e-02
5.238925828406778e-03    7.426320046677901e-04    4.887116514656670e-02
5.307476477979359e-03    7.523493011467557e-04    4.887117405738081e-02
5.376924103709025e-03    7.621937493566065e-04    4.887118320285220e-02
5.447280442409818e-03    7.721670131481866e-04    4.887119258915874e-02
5.518557384470432e-03    7.822707781470799e-04    4.887120222264068e-02
5.590766975863723e-03    7.925067520386685e-04    4.887121210980513e-02
5.663921420182500e-03    8.028766648569243e-04    4.887122225733065e-02
5.738033080701975e-03    8.133822692769885e-04    4.887123267207109e-02
5.813114482469156e-03    8.240253409115825e-04    4.887124336106104e-02
5.889178314419650e-03    8.348076786113046e-04    4.887125433151981e-02
5.966237431522095e-03    8.457311047688627e-04    4.887126559085702e-02
6.044304856950690e-03    8.567974656272933e-04    4.887127714667677e-02
6.123393784286139e-03    8.680086315922227e-04    4.887128900678357e-02
6.203517579745403e-03    8.793664975482189e-04    4.887130117918689e-02
6.284689784440615e-03    8.908729831792920e-04    4.887131367210720e-02
6.366924116667567e-03    9.025300332935951e-04    4.887132649398098e-02
6.450234474224137e-03    9.143396181523831e-04    4.887133965346668e-02
6.534634936759028e-03    9.263037338032833e-04    4.887135315945040e-02
6.620139768151294e-03    9.384244024179354e-04    4.887136702105218e-02
6.706763418920951e-03    9.507036726340611e-04    4.887138124763155e-02
6.794520528671151e-03    9.631436199020143e-04    4.887139584879450e-02
6.883425928562313e-03    9.757463468358810e-04    4.887141083439939e-02
6.973494643818621e-03    9.885139835691798e-04    4.887142621456385e-02
7.064741896267327e-03    1.001448688115230e-03    4.887144199967178e-02
7.157183106911271e-03    1.014552646732242e-03    4.887145820037974e-02
7.250833898535077e-03    1.027828074293203e-03    4.887147482762457e-02
7.345710098345416e-03    1.041277214660608e-03    4.887149189263095e-02
7.441827740645876e-03    1.054902341066112e-03    4.887150940691827e-02
7.539203069546775e-03    1.068705756495155e-03    4.887152738230895e-02
7.637852541710459e-03    1.082689794076646e-03    4.887154583093597e-02
7.737792829132522e-03    1.096856817477746e-03    4.887156476525149e-02
7.839040821959402e-03    1.111209221303840e-03    4.887158419803477e-02
7.941613631342869e-03    1.125749431503758e-03    4.887160414240093e-02
8.045528592331843e-03    1.140479905780305e-03    4.887162461180979e-02
8.150803266802063e-03    1.155403134006193e-03    4.887164562007489e-02
8.257455446424066e-03    1.170521638645420e-03    4.887166718137282e-02
8.365503155670058e-03    1.185837975180185e-03    4.887168931025251e-02
8.474964654860065e-03    1.201354732543412e-03    4.887171202164525e-02
8.585858443247978e-03    1.217074533556944e-03    4.887173533087460e-02
8.698203262147975e-03    1.233000035375498e-03    4.887175925366652e-02
8.812018098101840e-03    1.249133929936447e-03    4.887178380616025e-02
8.927322186087739e-03    1.265478944415506e-03    4.887180900491885e-02
9.044135012770979e-03    1.282037841688406e-03    4.887183486694037e-02
9.162476319797299e-03    1.298813420798638e-03    4.887186140966922e-02
9.282366107129238e-03    1.315808517431325e-03    4.887188865100825e-02
9.403824636426212e-03    1.333026004393340e-03    4.887191660932988e-02
9.526872434468753e-03    1.350468792099716e-03    4.887194530348919e-02
9.651530296627598e-03    1.368139829066457e-03    4.887197475283631e-02
9.777819290378149e-03    1.386042102409822e-03    4.887200497722916e-02
9.905760758860930e-03    1.404178638352175e-03    4.887203599704707e-02
1.003537632448863e-02    1.422552502734477e-03    4.887206783320415e-02
1.016668789260033e-02    1.441166801535525e-03    4.887210050716333e-02
1.029971765516359e-02    1.460024681398011e-03    4.887213404095093e-02
1.043448809452489e-02    1.479129330161505e-03    4.887216845717097e-02
1.057102198720925e-02    1.498483977402439e-03    4.887220377902077e-02
1.070934240776951e-02    1.518091894981203e-03    4.887224003030591e-02
1.084947273268595e-02    1.537956397596435e-03    4.887227723545663e-02
1.099143664431701e-02    1.558080843346597e-03    4.887231541954366e-02
1.113525813490165e-02    1.578468634298957e-03    4.887235460829552e-02
1.128096151061407e-02    1.599123217066040e-03    4.887239482811506e-02
1.142857139567157e-02    1.620048083389683e-03    4.887243610609746e-02
1.157811273649605e-02    1.641246770732769e-03    4.887247847004814e-02
1.172961080593001e-02    1.662722862878758e-03    4.887252194850156e-02
1.188309120750779e-02    1.684479990539110e-03    4.887256657073982e-02
1.203857987978254e-02    1.706521831968715e-03    4.887261236681213e-02
1.219610310070996e-02    1.728852113589420e-03    4.887265936755546e-02
1.235568749208931e-02    1.751474610621783e-03    4.887270760461439e-02
1.251736002406255e-02    1.774393147725143e-03    4.887275711046239e-02
1.268114801967238e-02    1.797611599646138e-03    4.887280791842325e-02
1.284707915947990e-02    1.821133891875760e-03    4.887286006269354e-02
1.301518148624268e-02    1.844964001315084e-03    4.887291357836516e-02
1.318548340965400e-02    1.869105956949773e-03    4.887296850144845e-02
1.335801371114429e-02    1.893563840533482e-03    4.887302486889641e-02
1.353280154874512e-02    1.918341787280280e-03    4.887308271862874e-02
1.370987646201707e-02    1.943443986566205e-03    4.887314208955765e-02
1.388926837704194e-02    1.968874682640090e-03    4.887320302161294e-02
1.407100761148032e-02    1.994638175343762e-03    4.887326555576890e-02
1.425512487969540e-02    2.020738820841762e-03    4.887332973407108e-02
1.444165129794373e-02    2.047181032360700e-03    4.887339559966455e-02
1.463061838963395e-02    2.073969280938380e-03    4.887346319682180e-02
1.482205809065430e-02    2.101108096182824e-03    4.887353257097260e-02
1.501600275476989e-02    2.128602067041332e-03    4.887360376873359e-02
1.521248515909058e-02    2.156455842579713e-03    4.887367683793908e-02
1.541153850961035e-02    2.184674132771818e-03    4.887375182767271e-02
1.561319644681919e-02    2.213261709299524e-03    4.887382878829975e-02
1.581749305138846e-02    2.242223406363302e-03    4.887390777150006e-02
1.602446284993058e-02    2.271564121503514e-03    4.887398883030245e-02
1.623414082083411e-02    2.301288816432595e-03    4.887407201911914e-02
1.644656240017520e-02    2.331402517878247e-03    4.887415739378187e-02
1.666176348770631e-02    2.361910318437812e-03    4.887424501157831e-02
1.687978045292346e-02    2.392817377443970e-03    4.887433493128956e-02
1.710065014121266e-02    2.424128921841912e-03    4.887442721322884e-02
1.732440988007693e-02    2.455850247078153e-03    4.887452191928118e-02
1.755109748544470e-02    2.487986718001137e-03    4.887461911294332e-02
1.778075126806082e-02    2.520543769773789e-03    4.887471885936558e-02
1.801341003996116e-02    2.553526908798199e-03    4.887482122539456e-02
1.824911312103190e-02    2.586941713652572e-03    4.887492627961632e-02
1.848790034565477e-02    2.620793836040643e-03    4.887503409240154e-02
1.872981206943903e-02    2.655089001753708e-03    4.887514473595081e-02
1.897488917604179e-02    2.689833011645448e-03    4.887525828434210e-02
1.922317308407738e-02    2.725031742619723e-03    4.887537481357853e-02
1.947470575411718e-02    2.760691148631523e-03    4.887549440163799e-02
1.972952969578111e-02    2.796817261701234e-03    4.887561712852341e-02
1.998768797492182e-02    2.833416192942430e-03    4.887574307631465e-02
2.024922422090292e-02    2.870494133603359e-03    4.887587232922172e-02
2.051418263397247e-02    2.908057356122316e-03    4.887600497363902e-02
2.078260799273292e-02    2.946112215197103e-03    4.887614109820124e-02
2.105454566170874e-02    2.984665148868754e-03    4.887628079384027e-02
2.133004159901324e-02    3.023722679619750e-03    4.887642415384397e-02
2.160914236411554e-02    3.063291415486892e-03    4.887657127391574e-02
2.189189512570922e-02    3.103378051189066e-03    4.887672225223654e-02
2.217834766968398e-02    3.143989369270086e-03    4.887687718952706e-02
2.246854840720152e-02    3.185132241256842e-03    4.887703618911277e-02
2.276254638287720e-02    3.226813628832950e-03    4.887719935698974e-02
2.306039128306865e-02    3.269040585028134e-03    4.887736680189221e-02
2.336213344427292e-02    3.311820255423560e-03    4.887753863536173e-02
2.366782386163339e-02    3.355159879373339e-03    4.887771497181853e-02
2.397751419755819e-02    3.399066791242426e-03    4.887789592863362e-02
2.429125679045118e-02    3.443548421661158e-03    4.887808162620360e-02
2.460910466355729e-02    3.488612298796654e-03    4.887827218802631e-02
2.493111153392360e-02    3.534266049641321e-03    4.887846774077952e-02
2.525733182147759e-02    3.580517401318704e-03    4.887866841439997e-02
2.558782065822431e-02    3.627374182406936e-03    4.887887434216567e-02
2.592263389756376e-02    3.674844324280024e-03    4.887908566077940e-02
2.626182812373029e-02    3.722935862467238e-03    4.887930251045402e-02
2.660546066135541e-02    3.771656938030859e-03    4.887952503500081e-02
2.695358958515586e-02    3.821015798962541e-03    4.887975338191831e-02
2.730627372974836e-02    3.871020801598565e-03    4.887998770248467e-02
2.766357269959275e-02    3.921680412054250e-03    4.888022815185147e-02
2.802554687906536e-02    3.973003207677797e-03    4.888047488913963e-02
2.839225744266404e-02    4.024997878523848e-03    4.888072807753773e-02
2.876376636534685e-02    4.077673228847057e-03    4.888098788440282e-02
2.914013643300595e-02    4.131038178615935e-03    4.888125448136303e-02
2.952143125307860e-02    4.185101765047291e-03    4.888152804442260e-02
2.990771526529686e-02    4.239873144161567e-03    4.888180875406991e-02
3.029905375257820e-02    4.295361592359352e-03    4.888209679538706e-02
3.069551285205841e-02    4.351576508019405e-03    4.888239235816248e-02
3.109715956626891e-02    4.408527413118500e-03    4.888269563700599e-02
3.150406177446036e-02    4.466223954873416e-03    4.888300683146603e-02
3.191628824407440e-02    4.524675907405377e-03    4.888332614614996e-02
3.233390864236554e-02    4.583893173427319e-03    4.888365379084680e-02
3.275699354817508e-02    4.643885785954281e-03    4.888398998065241e-02
3.318561446385911e-02    4.704663910037284e-03    4.888433493609783e-02
3.361984382737246e-02    4.766237844521053e-03    4.888468888328006e-02
3.405975502451113e-02    4.828618023825930e-03    4.888505205399581e-02
3.450542240131444e-02    4.891815019754343e-03    4.888542468587761e-02
3.495692127662983e-02    4.955839543322213e-03    4.888580702253347e-02
3.541432795484182e-02    5.020702446615660e-03    4.888619931368916e-02
3.587771973876770e-02    5.086414724673406e-03    4.888660181533325e-02
3.634717494272188e-02    5.152987517395262e-03    4.888701478986529e-02
3.682277290575117e-02    5.220432111477095e-03    4.888743850624690e-02
3.730459400504333e-02    5.288759942372680e-03    4.888787324015624e-02
3.779271966951084e-02    5.357982596282878e-03    4.888831927414503e-02
3.828723239355284e-02    5.428111812172506e-03    4.888877689779893e-02
3.878821575099667e-02    5.499159483815391e-03    4.888924640790102e-02
3.929575440922212e-02    5.571137661868010e-03    4.888972810859871e-02
3.980993414347042e-02    5.644058555972174e-03    4.889022231157319e-02
4.033084185134046e-02    5.717934536887204e-03    4.889072933621229e-02
4.085856556747468e-02    5.792778138652078e-03    4.889124950978727e-02
4.139319447843716e-02    5.868602060778017e-03    4.889178316763166e-02
4.193481893778633e-02    5.945419170471984e-03    4.889233065332390e-02
4.248353048134487e-02    6.023242504891607e-03    4.889289231887348e-02
4.303942184266967e-02    6.102085273432014e-03    4.889346852490973e-02
4.360258696872387e-02    6.181960860045104e-03    4.889405964087419e-02
4.417312103575416e-02    6.262882825591775e-03    4.889466604521593e-02
4.475112046537580e-02    6.344864910227633e-03    4.889528812559046e-02
4.533668294086807e-02    6.427921035822761e-03    4.889592627906145e-02
4.592990742368305e-02    6.512065308416055e-03    4.889658091230580e-02
4.653089417017026e-02    6.597312020704750e-03    4.889725244182161e-02
4.713974474852028e-02    6.683675654569674e-03    4.889794129413958e-02
4.775656205592993e-02    6.771170883636855e-03    4.889864790603705e-02
4.838145033599226e-02    6.859812575876069e-03    4.889937272475548e-02
4.901451519631391e-02    6.949615796236954e-03    4.890011620822010e-02
4.965586362636303e-02    7.040595809323329e-03    4.890087882526331e-02
5.030560401555075e-02    7.132768082106358e-03    4.890166105585035e-02
5.096384617154931e-02    7.226148286677226e-03    4.890246339130740e-02
5.163070133884975e-02    7.320752303039997e-03    4.890328633455277e-02
5.230628221756251e-02    7.416596221945359e-03    4.890413040033017e-02
5.299070298246410e-02    7.513696347765947e-03    4.890499611544464e-02
5.368407930229269e-02    7.612069201413977e-03    4.890588401899990e-02
5.438652835929665e-02    7.711731523301932e-03    4.890679466263893e-02
5.509816886903855e-02    7.812700276347055e-03    4.890772861078509e-02
5.581912110045827e-02    7.914992649020422e-03    4.890868644088591e-02
5.654950689619889e-02    8.018626058441392e-03    4.890966874365753e-02
5.728944969319826e-02    8.123618153518239e-03    4.891067612333122e-02
5.803907454355021e-02    8.229986818135816e-03    4.891170919789991e-02
5.879850813563864e-02    8.337750174391072e-03    4.891276859936627e-02
5.956787881554818e-02    8.446926585877323e-03    4.891385497399058e-02
6.034731660875480e-02    8.557534661018150e-03    4.891496898253903e-02
6.113695324210076e-02    8.669593256451847e-03    4.891611130053190e-02
6.193692216605650e-02    8.783121480467370e-03    4.891728261849063e-02
6.274735857727416e-02    8.898138696492698e-03    4.891848364218428e-02
6.356839944143618e-02    9.014664526636676e-03    4.891971509287470e-02
6.440018351640273e-02    9.132718855285242e-03    4.892097770755921e-02
6.524285137566221e-02    9.252321832753187e-03    4.892227223921176e-02
6.609654543208850e-02    9.373493878992410e-03    4.892359945702016e-02
6.696140996200903e-02    9.496255687357817e-03    4.892496014662089e-02
6.783759112958772e-02    9.620628228431963e-03    4.892635511032890e-02
6.872523701152733e-02    9.746632753909586e-03    4.892778516736346e-02
6.962449762209461e-02    9.874290800543190e-03    4.892925115406767e-02
7.053552493847305e-02    1.000362419415093e-02    4.893075392412294e-02
7.145847292644747e-02    1.013465505368796e-02    4.893229434875548e-02
7.239349756642455e-02    1.026740579538263e-02    4.893387331693524e-02
7.334075687979387e-02    1.040189913693873e-02    4.893549173556661e-02
7.430041095563397e-02    1.053815810180514e-02    4.893715052966856e-02
7.527262197776782e-02    1.067620602351438e-02    4.893885064254478e-02
7.625755425217196e-02    1.081606655009128e-02    4.894059303594143e-02
7.725537423474507e-02    1.095776364853344e-02    4.894237869019204e-02
7.826625055943912e-02    1.110132160936476e-02    4.894420860434834e-02
7.929035406675897e-02    1.124676505126379e-02    4.894608379629470e-02
8.032785783263480e-02    1.139411892576829e-02    4.894800530284671e-02
8.137893719767243e-02    1.154340852205778e-02    4.894997417983028e-02
8.244376979678621e-02    1.169465947181565e-02    4.895199150214038e-02
8.352253558921978e-02    1.184789775417261e-02    4.895405836377881e-02
8.461541688895972e-02    1.200314970073321e-02    4.895617587786760e-02
8.572259839554672e-02    1.216044200068724e-02    4.895834517663662e-02
8.684426722529062e-02    1.231980170600802e-02    4.896056741138459e-02
8.798061294289336e-02    1.248125623673927e-02    4.896284375240823e-02
8.913182759348583e-02    1.264483338637277e-02    4.896517538890119e-02
9.029810573508396e-02    1.281056132731871e-02    4.896756352881739e-02
9.147964447146954e-02    1.297846861647095e-02    4.897000939869730e-02
9.267664348550121e-02    1.314858420086925e-02    4.897251424345384e-02
9.388930507286131e-02    1.332093742346077e-02    4.897507932611602e-02
9.511783417624443e-02    1.349555802896317e-02    4.897770592752611e-02
9.636243841999290e-02    1.367247616983160e-02    4.898039534598737e-02
9.762332814518627e-02    1.385172241233207e-02    4.898314889685958e-02
9.890071644518915e-02    1.403332774272377e-02    4.898596791209700e-02
1.001948192016645e-01    1.421732357355285e-02    4.898885373972727e-02
1.015058551210584e-01    1.440374175006044e-02    4.899180774326455e-02
1.028340457715614e-01    1.459261455670752e-02    4.899483130105455e-02
1.041796156205548e-01    1.478397472381973e-02    4.899792580554529e-02
1.055427920725457e-01    1.497785543435484e-02    4.900109266248034e-02
1.069238055075989e-01    1.517429033079604e-02    4.900433329000722e-02
1.083228893202719e-01    1.537331352217408e-02    4.900764911769763e-02
1.097402799590589e-01    1.557495959122172e-02    4.901104158547222e-02
1.111762169663515e-01    1.577926360166350e-02    4.901451214242413e-02
1.126309430189216e-01    1.598626110564455e-02    4.901806224553561e-02
1.141047039689344e-01    1.619598815130186e-02    4.902169335827893e-02
1.155977488854982e-01    1.640848129048178e-02    4.902540694909722e-02
1.171103300967574e-01    1.662377758660740e-02    4.902920448975406e-02
1.186427032325370e-01    1.684191462269988e-02    4.903308745354718e-02
1.201951272675440e-01    1.706293050955776e-02    4.903705731337488e-02
1.217678645651352e-01    1.728686389409828e-02    4.904111553964810e-02
1.233611809216572e-01    1.751375396786531e-02    4.904526359803758e-02
1.249753456113665e-01    1.774364047570807e-02    4.904950294704566e-02
1.266106314319375e-01    1.797656372463547e-02    4.905383503539369e-02
1.282673147505660e-01    1.821256459285079e-02    4.905826129921185e-02
1.299456755506761e-01    1.845168453897155e-02    4.906278315902114e-02
1.316459974792375e-01    1.869396561143986e-02    4.906740201649322e-02
1.333685678947031e-01    1.893945045812830e-02    4.907211925097708e-02
1.351136779155729e-01    1.918818233614704e-02    4.907693621577668e-02
1.368816224695942e-01    1.944020512185768e-02    4.908185423416551e-02
1.386727003436043e-01    1.969556332109967e-02    4.908687459512276e-02
1.404872142340269e-01    1.995430207963550e-02    4.909199854877459e-02
1.423254707980285e-01    2.021646719382070e-02    4.909722730152253e-02
1.441877807053430e-01    2.048210512150536e-02    4.910256201084184e-02
1.460744586907777e-01    2.075126299317367e-02    4.910800377972980e-02
1.479858236074024e-01    2.102398862332861e-02    4.911355365078346e-02
1.499221984804374e-01    2.130033052212878e-02    4.911921259988684e-02
1.518839105618449e-01    2.158033790728501e-02    4.912498152948267e-02
1.538712913856357e-01    2.186406071622428e-02    4.913086126140741e-02
1.558846768238993e-01    2.215154961852906e-02    4.913685252926251e-02
1.579244071435667e-01    2.244285602866020e-02    4.914295597029644e-02
1.599908270639168e-01    2.273803211897214e-02    4.914917211676933e-02
1.620842858148343e-01    2.303713083302898e-02    4.915550138677142e-02
1.642051371958307e-01    2.334020589923094e-02    4.916194407446319e-02
1.663537396358374e-01    2.364731184476048e-02    4.916850033970564e-02
1.685304562537806e-01    2.395850400985807e-02    4.917517019704637e-02
1.707356549199494e-01    2.427383856243774e-02    4.918195350402464e-02
1.729697083181671e-01    2.459337251305300e-02    4.918884994875742e-02
1.752329940087752e-01    2.491716373022425e-02    4.919585903676738e-02
1.775258944924422e-01    2.524527095613885e-02    4.920298007700893e-02
1.798487972748076e-01    2.557775382273569e-02    4.921021216704936e-02
1.822020949319696e-01    2.591467286818662e-02    4.921755417735729e-02
1.845861851768338e-01    2.625608955378722e-02    4.922500473464927e-02
1.870014709263258e-01    2.660206628127013e-02    4.923256220424344e-02
1.894483603694860e-01    2.695266641055463e-02    4.924022467136428e-02
1.919272670364540e-01    2.730795427794638e-02    4.924798992134257e-02
1.944386098683566e-01    2.766799521480228e-02    4.925585541864855e-02
1.969828132881097e-01    2.803285556667527e-02    4.926381828469629e-02
1.995603072721467e-01    2.840260271295517e-02    4.927187527435031e-02
2.021715274230855e-01    2.877730508702163e-02    4.928002275106644e-02
2.048169150433465e-01    2.915703219692635e-02    4.928825666059097e-02
2.074969172097340e-01    2.954185464662192e-02    4.929657250314066e-02
2.102119868489927e-01    2.993184415775576e-02    4.930496530398325e-02
2.129625828143537e-01    3.032707359204789e-02    4.931342958232907e-02
2.157491699630818e-01    3.072761697427226e-02    4.932195931844750e-02
2.185722192350377e-01    3.113354951586197e-02    4.933054791890901e-02
2.214322077322672e-01    3.154494763915951e-02    4.933918817985582e-02
2.243296187996336e-01    3.196188900233395e-02    4.934787224819445e-02
2.272649421065038e-01    3.238445252498783e-02    4.935659158059998e-02
2.302386737295021e-01    3.281271841447732e-02    4.936533690021711e-02
2.332513162363510e-01    3.324676819297026e-02    4.937409815093354e-02
2.363033787708045e-01    3.368668472526733e-02    4.938286444910072e-02
2.393953771386952e-01    3.413255224741283e-02    4.939162403256522e-02
2.425278338951065e-01    3.458445639612253e-02    4.940036420687047e-02
2.457012784326857e-01    3.504248423905676e-02    4.940907128848055e-02
2.489162470711130e-01    3.550672430596846e-02    4.941773054486949e-02
2.521732831477399e-01    3.597726662075666e-02    4.942632613131401e-02
2.554729371094157e-01    3.645420273445722e-02    4.943484102421773e-02
2.588157666055132e-01    3.693762575920369e-02    4.944325695078555e-02
2.622023365821737e-01    3.742763040319252e-02    4.945155431486192e-02
2.656332193777834e-01    3.792431300668826e-02    4.945971211873253e-02
2.691089948197007e-01    3.842777157910528e-02    4.946770788068328e-02
2.726302503222481e-01    3.893810583720455e-02    4.947551754809805e-02
2.761975809859862e-01    3.945541724444492e-02    4.948311540586682e-02
2.798115896982880e-01    3.997980905153016e-02    4.949047397986514e-02
2.834728872352274e-01    4.051138633819443e-02    4.949756393525333e-02
2.871820923648030e-01    4.105025605627048e-02    4.950435396933382e-02
2.909398319515089e-01    4.159652707408659e-02    4.951081069868999e-02
2.947467410622795e-01    4.215031022223989e-02    4.951689854031786e-02
2.986034630738154e-01    4.271171834079561e-02    4.952257958645002e-02
3.025106497813159e-01    4.328086632796349e-02    4.952781347275404e-02
3.064689615086341e-01    4.385787119030462e-02    4.953255723957522e-02
3.104790672198730e-01    4.444285209452398e-02    4.953676518587680e-02
3.145416446324423e-01    4.503593042090580e-02    4.954038871551552e-02
3.186573803315940e-01    4.563722981845122e-02    4.954337617547275e-02
3.228269698864571e-01    4.624687626177974e-02    4.954567268564657e-02
3.270511179675905e-01    4.686499810985819e-02    4.954721995978872e-02
3.313305384660737e-01    4.749172616662359e-02    4.954795611715351e-02
3.356659546141563e-01    4.812719374356804e-02    4.954781548440872e-02
3.400580991074862e-01    4.877153672435696e-02    4.954672838733262e-02
3.445077142289366e-01    4.942489363155414e-02    4.954462093180659e-02
3.490155519740532e-01    5.008740569552965e-02    4.954141477358793e-02
3.535823741781442e-01    5.075921692562969e-02    4.953702687632491e-02
3.582089526450316e-01    5.144047418368981e-02    4.953136925725547e-02
3.628960692774886e-01    5.213132725997629e-02    4.952434872000442e-02
3.676445162093806e-01    5.283192895164281e-02    4.951586657387178e-02
3.724550959395415e-01    5.354243514379312e-02    4.950581833897775e-02
3.773286214673954e-01    5.426300489324300e-02    4.949409343660407e-02
3.822659164303558e-01    5.499380051507850e-02    4.948057486404733e-02
3.872678152430229e-01    5.573498767210995e-02    4.946513885326666e-02
3.923351632382009e-01    5.648673546732528e-02    4.944765451258590e-02
3.974688168097618e-01    5.724921653944891e-02    4.942798345067712e-02
4.026696435573778e-01    5.802260716171631e-02    4.940597938202530e-02
4.079385224331477e-01    5.880708734397754e-02    4.938148771304214e-02
4.132763438901419e-01    5.960284093824656e-02    4.935434510796581e-02
4.186840100328912e-01    6.041005574781688e-02    4.932437903365421e-02
4.241624347698446e-01    6.122892364006741e-02    4.929140728234500e-02
4.297125439678217e-01    6.205964066308611e-02    4.925523747142406e-02
4.353352756084867e-01    6.290240716624261e-02    4.921566651921260e-02
4.410315799468697e-01    6.375742792484443e-02    4.917248009574753e-02
4.468024196719615e-01    6.462491226901516e-02    4.912545204750032e-02
4.526487700694108e-01    6.550507421693647e-02    4.907434379494305e-02
4.585716191863506e-01    6.639813261259903e-02    4.901890370183922e-02
4.645719679983769e-01    6.730431126821107e-02    4.895886641510602e-02
4.706508305787211e-01    6.822383911141659e-02    4.889395217405750e-02
4.768092342696276e-01    6.915695033747808e-02    4.882386608781283e-02
4.830482198559778e-01    7.010388456658175e-02    4.874829737961960e-02
4.893688417411852e-01    7.106488700642617e-02    4.866691859681360e-02
4.957721681253920e-01    7.204020862025760e-02    4.857938478510898e-02
5.022592811859977e-01    7.303010630051719e-02    4.848533262588756e-02
5.088312772605496e-01    7.403484304826793e-02    4.838437953512989e-02
5.154892670320260e-01    7.505468815856990e-02    4.827612272261209e-02
5.222343757165453e-01    7.608991741197386e-02    4.816013820997236e-02
5.290677432535290e-01    7.714081327230370e-02    4.803597980623680e-02
5.359905244983549e-01    7.820766509089819e-02    4.790317803938403e-02
5.430038894175304e-01    7.929076931748155e-02    4.776123904252028e-02
5.501090232864192e-01    8.039042971783109e-02    4.760964339323832e-02
5.573071268895561e-01    8.150695759840773e-02    4.744784490473625e-02
5.645994167235822e-01    8.264067203811160e-02    4.727526936728541e-02
5.719871252028359e-01    8.379190012732082e-02    4.709131323865653e-02
5.794715008676344e-01    8.496097721436559e-02    4.689534228214153e-02
5.870538085952770e-01    8.614824715958236e-02    4.668669015084510e-02
5.947353298138169e-01    8.735406259708500e-02    4.646465691697153e-02
6.025173627186230e-01    8.857878520437831e-02    4.622850754489151e-02
6.104012224917781e-01    8.982278597992786e-02    4.597747030684952e-02
6.183882415243483e-01    9.108644552878498e-02    4.571073514026182e-02
6.264797696415600e-01    9.237015435634899e-02    4.542745194566127e-02
6.346771743309235e-01    9.367431317032925e-02    4.512672882447145e-02
6.429818409733421e-01    9.499933319094694e-02    4.480763025593734e-02
6.513951730772441e-01    9.634563646939051e-02    4.446917521270934e-02
6.599185925157797e-01    9.771365621450961e-02    4.411033521476890e-02
6.685535397671206e-01    9.910383712769846e-02    4.373003232160884e-02
6.773014741579042e-01    1.005166357458823e-01    4.332713706282848e-02
6.861638741098635e-01    1.019525207924768e-01    4.290046630759334e-02
6.951422373896837e-01    1.034119735361440e-01    4.244878107372650e-02
7.042380813621287e-01    1.048954881571122e-01    4.197078427756317e-02
7.134529432464786e-01    1.064035721207681e-01    4.146511842610606e-02
7.227883803763241e-01    1.079367465581624e-01    4.093036325346971e-02
7.322459704627609e-01    1.094955466529930e-01    4.036503330411326e-02
7.418273118610207e-01    1.110805220345473e-01    3.976757546591937e-02
7.515340238406059e-01    1.126922371759924e-01    3.913636645680696e-02
7.613677468589438e-01    1.143312717972959e-01    3.846971026925852e-02
7.713301428386298e-01    1.159982212719490e-01    3.776583557790808e-02
7.814228954482958e-01    1.176936970365338e-01    3.702289311618698e-02
7.916477103871546e-01    1.194183270020371e-01    3.623895302895744e-02
8.020063156732672e-01    1.211727559656598e-01    3.541200220909233e-02
8.125004619355810e-01    1.229576460216992e-01    3.453994162708997e-02
8.231319227097916e-01    1.247736769698934e-01    3.362058366405463e-02
8.339024947380739e-01    1.266215467194120e-01    3.265164945972799e-02
8.448139982727354e-01    1.285019716864505e-01    3.163076628874567e-02
8.558682773838442e-01    1.304156871831368e-01    3.055546497991285e-02
8.670672002708800e-01    1.323634477951867e-01    2.942317739506428e-02
8.784126595784655e-01    1.343460277454473e-01    2.823123398599641e-02
8.899065727162268e-01    1.363642212401431e-01    2.697686145005653e-02
9.015508821828409e-01    1.384188427942819e-01    2.565718050724486e-02
9.133475558943223e-01    1.405107275322945e-01    2.426920382414544e-02
9.252985875166069e-01    1.426407314595573e-01    2.280983411267057e-02
9.374059968024804e-01    1.448097316999913e-01    2.127586243447729e-02
9.496718299329304e-01    1.470186266944320e-01    1.966396674501575e-02
9.620981598629499e-01    1.492683363539275e-01    1.797071071451260e-02
9.746870866718730e-01    1.515598021615351e-01    1.619254286677137e-02
9.874407379182931e-01    1.538939872155591e-01    1.432579608052080e-02
1.000361268999626e+00    1.562718762064876e-01    1.236668750214880e-02
1.013450863516376e+00    1.586944753191551e-01    1.031131892304755e-02
1.026711733641172e+00    1.611628120508658e-01    8.155677679463735e-03
1.040146120492627e+00    1.636779349353659e-01    5.895638137703217e-03
1.053756294514092e+00    1.662409131616449e-01    3.526963832785135e-03
1.067544555857373e+00    1.688528360755748e-01    1.045310334175122e-03
1.081513234771453e+00    1.715148125513612e-01   -1.553771081952748e-03
1.095664691996316e+00    1.742279702186799e-01   -4.274828868382942e-03
1.110001319161914e+00    1.769934545302027e-01   -7.122505658554484e-03
1.124525539192360e+00    1.798124276529854e-01   -1.010153163578947e-02
1.139239806715410e+00    1.826860671658846e-01   -1.321671671475135e-02
1.154146608477296e+00    1.856155645438107e-01   -1.647294142284229e-02
1.169248463762997e+00    1.886021234081922e-01   -1.987514636214098e-02
1.184547924821996e+00    1.916469575215455e-01   -2.342832012529800e-02
1.200047577299629e+00    1.947512885025086e-01   -2.713748553162888e-02
1.215750040674055e+00    1.979163432361170e-01   -3.100768404255886e-02
1.231657968698957e+00    2.011433509524934e-01   -3.504395820868234e-02
1.247774049852035e+00    2.044335399454913e-01   -3.925133199413103e-02
1.264101007789361e+00    2.077881339012042e-01   -4.363478881784526e-02
1.280641601805685e+00    2.112083478046367e-01   -4.819924714588728e-02
1.297398627300766e+00    2.146953833912711e-01   -5.294953346431631e-02
1.314374916251795e+00    2.182504241087606e-01   -5.789035245860345e-02
1.331573337692010e+00    2.218746295525981e-01   -6.302625422335824e-02
1.348996798195568e+00    2.255691293383688e-01   -6.836159832557243e-02
1.366648242368764e+00    2.293350163721543e-01   -7.390051454599894e-02
1.384530653347676e+00    2.331733394798683e-01   -7.964686012706433e-02
1.402647053302320e+00    2.370850953558344e-01   -8.560417336228927e-02
1.421000503947408e+00    2.410712197908329e-01   -9.177562337204434e-02
1.439594107059781e+00    2.451325781402386e-01   -9.816395592412831e-02
1.458431005002621e+00    2.492699549938297e-01   -1.047714351757099e-01
1.477514381256516e+00    2.534840430104746e-01   -1.115997812362525e-01
1.496847460957468e+00    2.577754308833240e-01   -1.186501034798498e-01
1.516433511441964e+00    2.621445904044625e-01   -1.259228295706543e-01
1.536275842799151e+00    2.665918626023597e-01   -1.334176302076197e-01
1.556377808430257e+00    2.711174429310556e-01   -1.411333396453780e-01
1.576742805615317e+00    2.757213654969672e-01   -1.490678721076661e-01
1.597374276087327e+00    2.804034863177108e-01   -1.572181342791547e-01
1.618275706613900e+00    2.851634656175475e-01   -1.655799341417631e-01
1.639450629586545e+00    2.900007491761903e-01   -1.741478865134414e-01
1.660902623617640e+00    2.949145487619294e-01   -1.829153157518625e-01
1.682635314145236e+00    2.999038216965295e-01   -1.918741562033051e-01
1.704652374045757e+00    3.049672496183105e-01   -2.010148511089407e-01
1.726957524254729e+00    3.101032165313879e-01   -2.103262508273816e-01
1.749554534395626e+00    3.153097862533806e-01   -2.197955113940900e-01
1.772447223416946e+00    3.205846794010687e-01   -2.294079946153061e-01
1.795639460237618e+00    3.259252500835834e-01   -2.391471710863578e-01
1.819135164400867e+00    3.313284625057116e-01   -2.489945277311287e-01
1.842938306736616e+00    3.367908677197277e-01   -2.589294816800754e-01
1.867052910032579e+00    3.423085808026471e-01   -2.689293025370550e-01
1.891483049714101e+00    3.478772587766357e-01   -2.789690453281665e-01
1.916232854532937e+00    3.534920796330790e-01   -2.890214966759539e-01
1.941306507265009e+00    3.591477228649358e-01   -2.990571369959216e-01
1.966708245417306e+00    3.648383519566920e-01   -3.090441217646000e-01
1.992442361944034e+00    3.705575993255336e-01   -3.189482851536113e-01
2.018513205972137e+00    3.762985542500625e-01   -3.287331695552565e-01
2.044925183536305e+00    3.820537543625523e-01   -3.383600847337964e-01
2.071682758323611e+00    3.878151813156769e-01   -3.477882005131078e-01
2.098790452427878e+00    3.935742612628789e-01   -3.569746770446529e-01
2.126252847113931e+00    3.993218708108493e-01   -3.658748367770516e-01
2.154074583591833e+00    4.050483491104789e-01   -3.744423822559614e-01
2.182260363801268e+00    4.107435167464032e-01   -3.826296638048932e-01
2.210814951206177e+00    4.163967020620168e-01   -3.903880009572864e-01
2.239743171599792e+00    4.219967755135491e-01   -3.976680612096412e-01
2.269049913920213e+00    4.275321925804290e-01   -4.044202992259759e-01
2.298740131076646e+00    4.329910456667356e-01   -4.105954590258888e-01
2.328818840786453e+00    4.383611253072439e-01   -4.161451409123895e-01
2.359291126423173e+00    4.436299908390023e-01   -4.210224339218988e-01
2.390162137875594e+00    4.487850505136212e-01   -4.251826133884329e-01
2.421437092418134e+00    4.538136508053462e-01   -4.285839017888670e-01
2.453121275592547e+00    4.587031744153144e-01   -4.311882893594325e-01
2.485220042101201e+00    4.634411461841126e-01   -4.329624090294004e-01
2.517738816712034e+00    4.680153458052298e-01   -4.338784579913800e-01
2.550683095175354e+00    4.724139258852120e-01   -4.339151557039224e-01
2.584058445152631e+00    4.766255335281195e-01   -4.330587252848414e-01
2.617870507157448e+00    4.806394332401051e-01   -4.313038820825901e-01
2.652124995508759e+00    4.844456285646120e-01   -4.286548096803894e-01
2.686827699296625e+00    4.880349794822227e-01   -4.251260996530042e-01
2.721984483360582e+00    4.913993122563569e-01   -4.207436269991175e-01
2.757601289280814e+00    4.945315180942360e-01   -4.155453282244919e-01
2.793684136382292e+00    4.974256367418751e-01   -4.095818434246837e-01
2.830239122752057e+00    5.000769209654112e-01   -4.029169772305908e-01
2.867272426269810e+00    5.024818778152156e-01   -3.956279258882545e-01
2.904790305651988e+00    5.046382826543274e-01   -3.878052087164064e-01
2.942799101509503e+00    5.065451621940560e-01   -3.795522312941397e-01
2.981305237419326e+00    5.082027432587214e-01   -3.709843944406463e-01
3.020315221010062e+00    5.096123647483700e-01   -3.622276467075480e-01
3.059835645061791e+00    5.107763513438497e-01   -3.534163579496291e-01
3.099873188620240e+00    5.116978489783079e-01   -3.446903667179956e-01
3.140434618125564e+00    5.123806240772220e-01   -3.361910238273782e-01
3.181526788555890e+00    5.128288311634971e-01   -3.280560176008981e-01
3.223156644585823e+00    5.130467567823698e-01   -3.204127222212784e-01
3.265331221760116e+00    5.130385520050806e-01   -3.133697587865651e-01
3.308057647682690e+00    5.128079712428838e-01   -3.070063989225386e-01
3.351343143221220e+00    5.123581420098700e-01   -3.013593734567946e-01
3.395195023727476e+00    5.116913989253786e-01   -2.964065744800620e-01
3.439620700273633e+00    5.108092259989803e-01   -2.920470590408711e-01
3.484627680904767e+00    5.097123644872245e-01   -2.880766769914672e-01
3.530223571907725e+00    5.084011463232082e-01   -2.842339694593207e-01
3.576416079096609e+00    5.068759559347370e-01   -2.804549587310294e-01
3.623213009115077e+00    5.051373812512238e-01   -2.767373153102259e-01
3.670622270755682e+00    5.031862287726648e-01   -2.730788867832391e-01
3.718651876296482e+00    5.010235277744647e-01   -2.694776830527710e-01
3.767309942855133e+00    4.986505340907716e-01   -2.659318625580234e-01
3.816604693760682e+00    4.960687334594319e-01   -2.624397194618177e-01
3.866544459943365e+00    4.932798444125160e-01   -2.589996717758722e-01
3.917137681342528e+00    4.902858206971566e-01   -2.556102503881289e-01
3.968392908333005e+00    4.870888532122057e-01   -2.522700889507312e-01
4.020318803170150e+00    4.836913714469493e-01   -2.489779145843193e-01
4.072924141453777e+00    4.800960444088515e-01   -2.457325393519196e-01
4.126217813611264e+00    4.763057810280291e-01   -2.425328524551087e-01
4.180208826400049e+00    4.723237300269069e-01   -2.393778131050617e-01
4.234906304429797e+00    4.681532792442737e-01   -2.362664440218944e-01
4.290319491704480e+00    4.637980544037715e-01   -2.331978255169323e-01
4.346457753184636e+00    4.592619173177010e-01   -2.301710901141991e-01
4.403330576370071e+00    4.545489635179437e-01   -2.271854176692394e-01
4.460947572903265e+00    4.496635193067756e-01   -2.242400309457021e-01
4.519318480193767e+00    4.446101382213985e-01   -2.213341916120627e-01
4.578453163063836e+00    4.393935969071521e-01   -2.184671966233024e-01
4.638361615415624e+00    4.340188903955893e-01   -2.156383749545502e-01
4.699053961920168e+00    4.284912267849214e-01   -2.128470846559087e-01
4.760540459728486e+00    4.228160213217584e-01   -2.100927101999451e-01
4.822831500205038e+00    4.169988898845984e-01   -2.073746600953054e-01
4.885937610683930e+00    4.110456418711594e-01   -2.046923647420240e-01
4.949869456248032e+00    4.049622724933968e-01   -2.020452745059736e-01
5.014637841531407e+00    3.987549544859157e-01   -1.994328579917201e-01
5.080253712545325e+00    3.924300292354655e-01   -1.968546004947030e-01
5.146728158528158e+00    3.859939973601054e-01   -1.943100026153817e-01
5.214072413819493e+00    3.794535086561907e-01   -1.917985790192969e-01
5.282297859758761e+00    3.728153516146310e-01   -1.893198573285874e-01
5.351416026608708e+00    3.660864423364033e-01   -1.868733771316206e-01
5.421438595504038e+00    3.592738129595784e-01   -1.844586890987315e-01
5.492377400425559e+00    3.523845996010094e-01   -1.820753541930098e-01
5.564244430200140e+00    3.454260298370199e-01   -1.797229429662708e-01
5.637051830526865e+00    3.384054097501095e-01   -1.774010349312065e-01
5.710811906029678e+00    3.313301105713896e-01   -1.751092180014253e-01
5.785537122336895e+00    3.242075549511840e-01   -1.728470879922273e-01
5.861240108187924e+00    3.170452028929360e-01   -1.706142481753143e-01
5.937933657567556e+00    3.098505373882427e-01   -1.684103088815039e-01
6.015630731868185e+00    3.026310497934691e-01   -1.662348871461229e-01
6.094344462080270e+00    2.953942249909360e-01   -1.640876063921805e-01
6.174088151011578e+00    2.881475263801300e-01   -1.619680961470419e-01
6.254875275535333e+00    2.808983807466937e-01   -1.598759917887378e-01
6.336719488867862e+00    2.736541630591168e-01   -1.578109343183975e-01
6.419634622876015e+00    2.664221812450183e-01   -1.557725701558006e-01
6.503634690414786e+00    2.592096610006757e-01   -1.537605509552276e-01
6.588733887695516e+00    2.520237306889749e-01   -1.517745334392100e-01
6.674946596685091e+00    2.448714063822152e-01   -1.498141792479918e-01
6.762287387536523e+00    2.377595771071679e-01   -1.478791548028044e-01
6.850771021051349e+00    2.306949903504436e-01   -1.459691311811815e-01
6.940412451174230e+00    2.236842378825400e-01   -1.440837840029902e-01
7.031226827520212e+00    2.167337419589113e-01   -1.422227933255713e-01
7.123229497935045e+00    2.098497419559948e-01   -1.403858435471492e-01
7.216436011089004e+00    2.030382814993459e-01   -1.385726233172353e-01
7.310862119104653e+00    1.963051961398569e-01   -1.367828254532519e-01
7.406523780218990e+00    1.896561016324557e-01   -1.350161468625917e-01
7.503437161480427e+00    1.830963828697103e-01   -1.332722884693802e-01
7.601618641481074e+00    1.766311835203871e-01   -1.315509551453932e-01
7.701084813124706e+00    1.702653964202480e-01   -1.298518556445676e-01
7.801852486431082e+00    1.640036547592246e-01   -1.281747025407375e-01
7.903938691376830e+00    1.578503241055933e-01   -1.265192121680673e-01
8.007360680773559e+00    1.518094953039166e-01   -1.248851045640326e-01
8.112135933183630e+00    1.458849782793311e-01   -1.232721034144566e-01
8.218282155874080e+00    1.400802967762808e-01   -1.216799360005369e-01
8.325817287809178e+00    1.343986840550517e-01   -1.201083331475138e-01
8.434759502682166e+00    1.288430795644836e-01   -1.185570291748833e-01
8.545127211986651e+00    1.234161266040686e-01   -1.170257618479177e-01
8.656939068128191e+00    1.181201709833251e-01   -1.155142723304759e-01
8.770213967576597e+00    1.129572606809053e-01   -1.140223051388133e-01
8.884971054059482e+00    1.079291465004031e-01   -1.125496080965133e-01
9.001229721797593e+00    1.030372837143148e-01   -1.110959322902497e-01
9.119009618782485e+00    9.828283468212748e-02   -1.096610320264468e-01
9.238330650097078e+00    9.366667242310232e-02   -1.082446647886980e-01
9.359212981279656e+00    8.918938511903816e-02   -1.068465911959787e-01
9.481677041731905e+00    8.485128151719058e-02   -1.054665749614605e-01
9.605743528171530e+00    8.065239719862075e-02   -1.041043828521052e-01
9.731433408129998e+00    7.659250167260728e-02   -1.027597846487536e-01
9.858767923496194e+00    7.267110625340774e-02   -1.014325531069160e-01
9.987768594106281e+00    6.888747267164204e-02   -1.001224639180615e-01
1.011845722138063e+01    6.524062236892335e-02   -9.882929567153197e-02
1.025085589200830e+01    6.172934642110861e-02   -9.755282981693322e-02
1.038498698167974e+01    5.835221603270967e-02   -9.629285062705289e-02
1.052087315886837e+01    5.510759354261527e-02   -9.504914516131917e-02
1.065853738866153e+01    5.199364387934012e-02   -9.382150322973448e-02
1.079800293664174e+01    4.900834640255271e-02   -9.260971735726155e-02
1.093929337281852e+01    4.614950706664214e-02   -9.141358274874713e-02
1.108243257561189e+01    4.341477084156905e-02   -9.023289725425250e-02
1.122744473588780e+01    4.080163432620296e-02   -8.906746133485378e-02
1.137435436104648e+01    3.830745848976801e-02   -8.791707802892165e-02
1.152318627916424e+01    3.592948147789102e-02   -8.678155291879912e-02
1.167396564318947e+01    3.366483142104954e-02   -8.566069409793665e-02
1.182671793519357e+01    3.151053918493493e-02   -8.455431213845105e-02
1.198146897067746e+01    2.946355100434908e-02   -8.346222005910342e-02
1.213824490293446e+01    2.752074094471663e-02   -8.238423329368925e-02
1.229707222747024e+01    2.567892313808535e-02   -8.132016965985128e-02
1.245797778648068e+01    2.393486374357312e-02   -8.026984932828990e-02
1.262098877338822e+01    2.228529258556439e-02   -7.923309479234666e-02
1.278613273743765e+01    2.072691442652606e-02   -7.820973083803313e-02
1.295343758835193e+01    1.925641983506390e-02   -7.719958451439420e-02
1.312293160104908e+01    1.787049561373780e-02   -7.620248510429095e-02
1.329464342042066e+01    1.656583475515909e-02   -7.521826409554674e-02
1.346860206617282e+01    1.533914589896736e-02   -7.424675515246788e-02
1.364483693773074e+01    1.418716226639080e-02   -7.328779408772806e-02
1.382337781920717e+01    1.310665005319689e-02   -7.234121883462684e-02
1.400425488443602e+01    1.209441626590507e-02   -7.140686941969100e-02
1.418749870207182e+01    1.114731599012670e-02   -7.048458793563814e-02
1.437314024075590e+01    1.026225908379050e-02   -6.957421851471064e-02
1.456121087435012e+01    9.436216291775193e-03   -6.867560730230360e-02
1.475174238723920e+01    8.666224782080321e-03   -6.778860243098375e-02
1.494476697970230e+01    7.949393107097961e-03   -6.691305399482288e-02
1.514031727335496e+01    7.282905596783398e-03   -6.604881402404399e-02
1.533842631666226e+01    6.664026193544076e-03   -6.519573646003883e-02
1.553912759052399e+01    6.090101741460026e-03   -6.435367713066907e-02
1.574245501393315e+01    5.558564745004317e-03   -6.352249372590149e-02
1.594844294970822e+01    5.066935614740896e-03   -6.270204577376787e-02
1.615712621030064e+01    4.612824419534198e-03   -6.189219461659590e-02
1.636854006367812e+01    4.193932166607689e-03   -6.109280338763621e-02
1.658272023928507e+01    3.808051632336886e-03   -6.030373698784436e-02
1.679970293408093e+01    3.453067767958988e-03   -5.952486206313983e-02
1.701952481865758e+01    3.126957705430388e-03   -5.875604698179561e-02
1.724222304343669e+01    2.827790389471929e-03   -5.799716181223803e-02
1.746783524494830e+01    2.553725862417948e-03   -5.724807830106120e-02
1.769639955219145e+01    2.303014228839160e-03   -5.650866985137924e-02
1.792795459307806e+01    2.073994327052521e-03   -5.577881150139864e-02
1.816253950096116e+01    1.865092134576012e-03   -5.505837990331777e-02
1.840019392124853e+01    1.674818934346256e-03   -5.434725330248813e-02
1.864095801810284e+01    1.501769268106308e-03   -5.364531151681449e-02
1.888487248122948e+01    1.344618702804638e-03   -5.295243591646943e-02
1.913197853275328e+01    1.202121435139365e-03   -5.226850940382614e-02
1.938231793418510e+01    1.073107758549597e-03   -5.159341639367762e-02
1.963593299347956e+01    9.564814160135550e-04   -5.092704279369343e-02
1.989286657218534e+01    8.512168609762609e-04   -5.026927598515408e-02
2.015316209268876e+01    7.563564476128490e-04   -4.962000480389527e-02
2.041686354555233e+01    6.710075704515341e-04   -4.897911952155792e-02
2.068401549694920e+01    5.943397721469638e-04   -4.834651182699103e-02
2.095466309619502e+01    5.255818369235215e-04   -4.772207480799501e-02
2.122885208337821e+01    4.640188859118102e-04   -4.710570293321950e-02
2.150662879709023e+01    4.089894892920894e-04   -4.649729203436243e-02
2.178804018225680e+01    3.598828088469884e-04   -4.589673928852323e-02
2.207313379807182e+01    3.161357832227581e-04   -4.530394320086326e-02
2.236195782603491e+01    2.772303669131237e-04   -4.471880358743453e-02
2.265456107809422e+01    2.426908327210580e-04   -4.414122155824882e-02
2.295099300489577e+01    2.120811462292281e-04   -4.357109950056304e-02
2.325130370414074e+01    1.850024196262877e-04   -4.300834106239794e-02
2.355554392905206e+01    1.610904510995370e-04   -4.245285113623557e-02
2.386376509695186e+01    1.400133549198357e-04   -4.190453584295768e-02
2.417601929795112e+01    1.214692863162587e-04   -4.136330251597135e-02
2.449235930375303e+01    1.051842642692710e-04   -4.082905968555905e-02
2.481283857657143e+01    9.091009444481214e-05   -4.030171706340983e-02
2.513751127816622e+01    7.842239364953401e-05   -3.978118552736978e-02
2.546643227899673e+01    6.751871641074980e-05   -3.926737710636137e-02
2.579965716749496e+01    5.801678357398284e-05   -3.876020496555121e-02
2.613724225946018e+01    4.975281216630624e-05   -3.825958339162950e-02
2.647924460757641e+01    4.257994519433571e-05   -3.776542777835955e-02
2.682572201105449e+01    3.636677953065607e-05   -3.727765461227834e-02
2.717673302540025e+01    3.099598959005582e-05   -3.679618145854405e-02
2.753233697231055e+01    2.636304410522167e-05   -3.632092694705474e-02
2.789259394969880e+01    2.237501297816002e-05   -3.585181075866968e-02
2.825756484185162e+01    1.894946090590777e-05   -3.538875361163341e-02
2.862731132971846e+01    1.601342425414889e-05   -3.493167724818683e-02
2.900189590133578e+01    1.350246747703291e-05   -3.448050442133467e-02
2.938138186238775e+01    1.135981525249676e-05   -3.403515888179407e-02
2.976583334690499e+01    9.535556416296467e-06   -3.359556536511808e-02
3.015531532810343e+01    7.985915731257271e-06   -3.316164957894361e-02
3.054989362936493e+01    6.672589517404220e-06   -3.273333819047390e-02
3.094963493536144e+01    5.562141190093895e-06   -3.231055881407316e-02
3.135460680332517e+01    4.625452803517017e-06   -3.189323999901447e-02
3.176487767446564e+01    3.837228772531613e-06   -3.148131121742043e-02
3.218051688553658e+01    3.175548043360895e-06   -3.107470285234879e-02
3.260159468055392e+01    2.621461100012660e-06   -3.067334618602369e-02
3.302818222266723e+01    2.158628325252989e-06   -3.027717338820587e-02
3.346035160618644e+01    1.772996379662900e-06   -2.988611750475386e-02
3.389817586876595e+01    1.452509416966455e-06   -2.950011244629968e-02
3.434172900374824e+01    1.186852115876244e-06   -2.911909297705775e-02
3.479108597266880e+01    9.672216757904685e-07   -2.874299470383120e-02
3.524632271792488e+01    7.861260936339500e-07   -2.837175406512530e-02
3.570751617560995e+01    6.372062100114407e-07   -2.800530832037812e-02
3.617474428851604e+01    5.150791828937358e-07   -2.764359553939831e-02
3.664808601930628e+01    4.152012147509316e-07   -2.728655459185950e-02
3.712762136385978e+01    3.337475230523883e-07   -2.693412513698989e-02
3.761343136479110e+01    2.675077032359048e-07   -2.658624761337004e-02
3.810559812514667e+01    2.137947866647355e-07   -2.624286322887936e-02
3.860420482228047e+01    1.703664429746199e-07   -2.590391395073298e-02
3.910933572191092e+01    1.353569159659861e-07   -2.556934249570226e-02
3.962107619236236e+01    1.072184180108069e-07   -2.523909232040399e-02
4.013951271899231e+01    8.467084977625343e-08   -2.491310761178436e-02
4.066473291880769e+01    6.665868060280969e-08   -2.459133327764308e-02
4.119682555527235e+01    5.231427694306816e-08   -2.427371493736063e-02
4.173588055330828e+01    4.092669521861702e-08   -2.396019891267089e-02
4.228198901449316e+01    3.191523507406096e-08   -2.365073221862974e-02
4.283524323245670e+01    2.480710503296561e-08   -2.334526255462360e-02
4.339573670847856e+01    1.921862438189653e-08   -2.304373829555055e-02
4.396356416729019e+01    1.483945506635497e-08   -2.274610848309864e-02
4.453882157308364e+01    1.141942057358181e-08   -2.245232281711549e-02
4.512160614572964e+01    8.757525591994687e-09   -2.216233164713182e-02
4.571201637720807e+01    6.692841084231332e-09   -2.187608596394177e-02
4.631015204825325e+01    5.096964709599356e-09   -2.159353739134314e-02
4.691611424521723e+01    3.867806704463739e-09   -2.131463817796521e-02
4.753000537715355e+01    2.924486794766516e-09   -2.103934118916450e-02
4.815192919312462e+01    2.203158883839684e-09   -2.076759989910366e-02
4.878199079973565e+01    1.653607528186999e-09   -2.049936838285395e-02
4.942029667889762e+01    1.236483964491292e-09   -2.023460130865102e-02
5.006695470582341e+01    9.210700437511586e-10   -1.997325393023026e-02
5.072207416725868e+01    6.834762029446750e-10   -1.971528208216502e-02
5.138576577995165e+01    5.051948784149567e-10   -1.946064216075483e-02
5.205814170936453e+01    3.719438143397269e-10   -1.920929113418803e-02
5.273931558862972e+01    2.727448748975505e-10   -1.896118652354287e-02
5.342940253775404e+01    1.991933602363084e-10   -1.871628639854965e-02
5.412851918307440e+01    1.448807989850670e-10   -1.847454937050435e-02
5.483678367696781e+01    1.049408670272415e-10   -1.823593458527389e-02
5.555431571781948e+01    7.569366601449330e-11   -1.800040171639163e-02
5.628123657025210e+01    5.436824190588590e-11   -1.776791095824213e-02
5.701766908561989e+01    3.888707274730684e-11   -1.753842301933392e-02
5.776373772277071e+01    2.769942847451643e-11   -1.731189911565913e-02
5.851956856907996e+01    1.965311066415542e-11   -1.708830096413887e-02
5.928528936175962e+01    1.389620979584598e-11   -1.686759077615337e-02
6.006102950944614e+01    9.802252233447241e-12   -1.664973125115553e-02
6.084692011407083e+01    0.000000000000000e+00   -1.643468557036711e-02
6.164309399301645e+01    0.000000000000000e+00   -1.622241739055619e-02
6.244968570156331e+01    0.000000000000000e+00   -1.601289083789523e-02
6.326683155563003e+01    0.000000000000000e+00   -1.580607050189810e-02
6.409466965481083e+01    0.000000000000000e+00   -1.560192142943578e-02
6.493333990571482e+01    0.000000000000000e+00   -1.540040911882910e-02
6.578298404561049e+01    0.000000000000000e+00   -1.520149951401797e-02
6.664374566637973e+01    0.000000000000000e+00   -1.500515899880576e-02
6.751577023878517e+01    0.000000000000000e+00   -1.481135439117807e-02
6.839920513705501e+01    0.000000000000000e+00   -1.462005293769494e-02
6.929419966378974e+01    0.000000000000000e+00   -1.443122230795543e-02
7.020090507519456e+01    0.000000000000000e+00   -1.424483058913366e-02
7.111947460664203e+01    0.000000000000000e+00   -1.406084628058554e-02
7.205006349856924e+01    0.000000000000000e+00   -1.387923828852500e-02
7.299282902271385e+01    0.000000000000000e+00   -1.369997592076916e-02
7.394793050869328e+01    0.000000000000000e+00   -1.352302888155120e-02
7.491552937093191e+01    0.000000000000000e+00   -1.334836726640033e-02
7.589578913594043e+01    0.000000000000000e+00   -1.317596155708789e-02
7.688887546995224e+01    0.000000000000000e+00   -1.300578261663867e-02
7.789495620692159e+01    0.000000000000000e+00   -1.283780168440665e-02
7.891420137688729e+01    0.000000000000000e+00   -1.267199037121453e-02
